<?xml version="1.0" encoding="utf-8"?>
<COLLADA xmlns="http://www.collada.org/2005/11/COLLADASchema" version="1.4.1">
  <asset>
    <contributor>
      <author>Mixamo</author>
      <authoring_tool>COLLADA Mixamo exporter</authoring_tool>
      <comments/>
    </contributor>
    <created>2024-07-10T06:02:04Z</created>
    <modified>2024-07-10T06:02:04Z</modified>
    <revision/>
    <title/>
    <unit meter="0.010000"/>
    <up_axis>Y_UP</up_axis>
  </asset>
  <library_animations>
    <animation id="mixamorig_Hips-anim" name="mixamorig_Hips">
      <source id="mixamorig_Hips-Matrix-animation-input">
        <float_array id="mixamorig_Hips-Matrix-animation-input-array" count="31">

0.000000 0.033333 0.066667 0.100000 0.133333 0.166667 0.200000 0.233333 0.266667 0.300000 0.333333 0.366667 0.400000 0.433333 0.466667 0.500000
0.533333 0.566667 0.600000 0.633333 0.666667 0.700000 0.733333 0.766667 0.800000 0.833333 0.866667 0.900000 0.933333 0.966667 1.000000</float_array>
        <technique_common>
          <accessor source="#mixamorig_Hips-Matrix-animation-input-array" count="31">
            <param name="TIME" type="float"/>
          </accessor>
        </technique_common>
      </source>
      <source id="mixamorig_Hips-Matrix-animation-output-transform">
        <float_array id="mixamorig_Hips-Matrix-animation-output-transform-array" count="496">

0.998090 0.048181 0.038669 0.011063 -0.049535 0.998164 0.034861 1.428336 -0.036918 -0.036710 0.998644 -0.086085 0.000000 0.000000 0.000000 1.000000
0.999012 0.043122 0.010733 0.016404 -0.043416 0.998638 0.028925 1.425493 -0.009471 -0.029362 0.999524 -0.092518 0.000000 0.000000 0.000000 1.000000
0.999049 0.040828 -0.015328 0.022131 -0.040502 0.998959 0.021006 1.418176 0.016170 -0.020365 0.999662 -0.094074 0.000000 0.000000 0.000000 1.000000
0.998261 0.043054 -0.040267 0.028203 -0.042559 0.999008 0.013084 1.405080 0.040791 -0.011347 0.999103 -0.093535 0.000000 0.000000 0.000000 1.000000
0.997013 0.046810 -0.061426 0.034012 -0.046411 0.998891 0.007910 1.384426 0.061728 -0.005035 0.998080 -0.093648 0.000000 0.000000 0.000000 1.000000
0.996127 0.043954 -0.076151 0.037426 -0.043518 0.999025 0.007379 1.365270 0.076401 -0.004037 0.997069 -0.098906 0.000000 0.000000 0.000000 1.000000
0.996096 0.028650 -0.083496 0.037523 -0.027777 0.999547 0.011592 1.348462 0.083790 -0.009228 0.996441 -0.109870 0.000000 0.000000 0.000000 1.000000
0.996082 0.004184 -0.088331 0.035854 -0.002471 0.999807 0.019486 1.336686 0.088396 -0.019191 0.995901 -0.119580 0.000000 0.000000 0.000000 1.000000
0.995000 -0.023908 -0.096975 0.035328 0.026815 0.999226 0.028783 1.332898 0.096212 -0.031240 0.994871 -0.121873 0.000000 0.000000 0.000000 1.000000
0.992667 -0.050191 -0.109973 0.035919 0.054504 0.997844 0.036573 1.335308 0.107900 -0.042298 0.993262 -0.119038 0.000000 0.000000 0.000000 1.000000
0.989800 -0.073693 -0.121926 0.036173 0.079246 0.995998 0.041330 1.344500 0.118393 -0.050571 0.991678 -0.116826 0.000000 0.000000 0.000000 1.000000
0.987830 -0.090445 -0.126534 0.035158 0.096681 0.994341 0.044032 1.359980 0.121835 -0.055730 0.990985 -0.118414 0.000000 0.000000 0.000000 1.000000
0.987735 -0.095155 -0.123798 0.035130 0.101580 0.993733 0.046652 1.380676 0.118583 -0.058655 0.991210 -0.118153 0.000000 0.000000 0.000000 1.000000
0.989389 -0.088044 -0.115579 0.035680 0.094335 0.994278 0.050124 1.402013 0.110505 -0.060495 0.992033 -0.119170 0.000000 0.000000 0.000000 1.000000
0.992052 -0.075547 -0.100624 0.035305 0.081223 0.995256 0.053558 1.416480 0.096101 -0.061305 0.993482 -0.120965 0.000000 0.000000 0.000000 1.000000
0.995095 -0.062179 -0.076940 0.033182 0.066472 0.996296 0.054542 1.421784 0.073264 -0.059389 0.995543 -0.121009 0.000000 0.000000 0.000000 1.000000
0.997749 -0.049118 -0.045646 0.029726 0.051422 0.997387 0.050751 1.419826 0.043033 -0.052984 0.997668 -0.117555 0.000000 0.000000 0.000000 1.000000
0.999265 -0.036921 -0.010284 0.025626 0.037322 0.998424 0.041907 1.412788 0.008720 -0.042260 0.999069 -0.109932 0.000000 0.000000 0.000000 1.000000
0.999306 -0.027423 0.025215 0.020923 0.026650 0.999179 0.030505 1.398198 -0.026030 -0.029812 0.999217 -0.098978 0.000000 0.000000 0.000000 1.000000
0.998105 -0.020629 0.057968 0.015726 0.019476 0.999602 0.020390 1.375775 -0.058365 -0.019223 0.998110 -0.088110 0.000000 0.000000 0.000000 1.000000
0.996092 -0.013781 0.087240 0.010763 0.012599 0.999821 0.014085 1.350806 -0.087418 -0.012930 0.996088 -0.081190 0.000000 0.000000 0.000000 1.000000
0.994112 0.000149 0.108357 0.008404 -0.001407 0.999932 0.011539 1.330172 -0.108348 -0.011624 0.994045 -0.082073 0.000000 0.000000 0.000000 1.000000
0.992605 0.019420 0.119823 0.008587 -0.020999 0.999708 0.011931 1.317777 -0.119557 -0.014359 0.992724 -0.082057 0.000000 0.000000 0.000000 1.000000
0.991731 0.041688 0.121378 0.006587 -0.043833 0.998925 0.015060 1.312689 -0.120620 -0.020256 0.992492 -0.076697 0.000000 0.000000 0.000000 1.000000
0.991427 0.063440 0.114227 0.006634 -0.066259 0.997580 0.021052 1.318576 -0.112615 -0.028440 0.993232 -0.073309 0.000000 0.000000 0.000000 1.000000
0.991439 0.080147 0.103078 0.005839 -0.083516 0.996091 0.028785 1.337073 -0.100368 -0.037148 0.994257 -0.073192 0.000000 0.000000 0.000000 1.000000
0.991906 0.085912 0.093495 0.004478 -0.089552 0.995351 0.035448 1.362483 -0.090015 -0.043534 0.994988 -0.076672 0.000000 0.000000 0.000000 1.000000
0.992866 0.079875 0.088528 0.002515 -0.083535 0.995763 0.038434 1.389963 -0.085083 -0.045555 0.995332 -0.079214 0.000000 0.000000 0.000000 1.000000
0.994274 0.067581 0.082779 0.002324 -0.070912 0.996759 0.037979 1.412063 -0.079944 -0.043631 0.995844 -0.082516 0.000000 0.000000 0.000000 1.000000
0.996137 0.055857 0.067756 0.005298 -0.058404 0.997637 0.036197 1.424862 -0.065574 -0.040015 0.997045 -0.085364 0.000000 0.000000 0.000000 1.000000
0.998090 0.048181 0.038669 0.011063 -0.049535 0.998164 0.034861 1.428336 -0.036918 -0.036710 0.998644 -0.086085 0.000000 0.000000 0.000000 1.000000</float_array>
        <technique_common>
          <accessor source="#mixamorig_Hips-Matrix-animation-output-transform-array" count="31" stride="16">
            <param type="float4x4"/>
          </accessor>
        </technique_common>
      </source>
      <source id="mixamorig_Hips-Interpolations">
        <Name_array id="mixamorig_Hips-Interpolations-array" count="31">
 LINEAR LINEAR LINEAR LINEAR LINEAR LINEAR LINEAR LINEAR LINEAR LINEAR LINEAR
LINEAR LINEAR LINEAR LINEAR LINEAR LINEAR LINEAR LINEAR LINEAR LINEAR LINEAR LINEAR
LINEAR LINEAR LINEAR LINEAR LINEAR LINEAR LINEAR LINEAR</Name_array>
        <technique_common>
          <accessor source="#mixamorig_Hips-Interpolations-array" count="31">
            <param type="name"/>
          </accessor>
        </technique_common>
      </source>
      <sampler id="mixamorig_Hips-Matrix-animation-transform">
        <input semantic="INPUT" source="#mixamorig_Hips-Matrix-animation-input"/>
        <input semantic="OUTPUT" source="#mixamorig_Hips-Matrix-animation-output-transform"/>
        <input semantic="INTERPOLATION" source="#mixamorig_Hips-Interpolations"/>
      </sampler>
      <channel source="#mixamorig_Hips-Matrix-animation-transform" target="mixamorig_Hips/matrix"/>
    </animation>
    <animation id="mixamorig_Spine-anim" name="mixamorig_Spine">
      <source id="mixamorig_Spine-Matrix-animation-input">
        <float_array id="mixamorig_Spine-Matrix-animation-input-array" count="31">

0.000000 0.033333 0.066667 0.100000 0.133333 0.166667 0.200000 0.233333 0.266667 0.300000 0.333333 0.366667 0.400000 0.433333 0.466667 0.500000
0.533333 0.566667 0.600000 0.633333 0.666667 0.700000 0.733333 0.766667 0.800000 0.833333 0.866667 0.900000 0.933333 0.966667 1.000000</float_array>
        <technique_common>
          <accessor source="#mixamorig_Spine-Matrix-animation-input-array" count="31">
            <param name="TIME" type="float"/>
          </accessor>
        </technique_common>
      </source>
      <source id="mixamorig_Spine-Matrix-animation-output-transform">
        <float_array id="mixamorig_Spine-Matrix-animation-output-transform-array" count="496">

0.998562 -0.039267 0.036489 0.000000 0.042857 0.993711 -0.103452 0.279800 -0.032197 0.104867 0.993965 0.012900 0.000000 0.000000 0.000000 1.000000
0.998183 -0.038963 0.045967 0.000000 0.043491 0.993831 -0.102021 0.279800 -0.041708 0.103835 0.993720 0.012900 0.000000 0.000000 0.000000 1.000000
0.997438 -0.042614 0.057451 -0.000000 0.048151 0.993950 -0.098718 0.279800 -0.052896 0.101231 0.993456 0.012900 0.000000 0.000000 0.000000 1.000000
0.996240 -0.050062 0.070714 0.000000 0.056693 0.993850 -0.095122 0.279800 -0.065517 0.098773 0.992951 0.012900 0.000000 0.000000 0.000000 1.000000
0.995014 -0.056776 0.082002 0.000000 0.064390 0.993543 -0.093409 0.279800 -0.076170 0.098224 0.992245 0.012900 0.000000 0.000000 0.000000 1.000000
0.994593 -0.054376 0.088473 0.000000 0.062731 0.993540 -0.094565 0.279800 -0.082760 0.099604 0.991580 0.012900 0.000000 0.000000 0.000000 1.000000
0.995328 -0.037191 0.089104 -0.000000 0.045836 0.994225 -0.097032 0.279800 -0.084981 0.100663 0.991285 0.012900 0.000000 0.000000 0.000000 1.000000
0.996198 -0.007635 0.086780 0.000000 0.016168 0.995049 -0.098061 0.279800 -0.085602 0.099091 0.991390 0.012900 0.000000 0.000000 0.000000 1.000000
0.996029 0.028752 0.084263 -0.000000 -0.020531 0.995087 -0.096851 0.279800 -0.086634 0.094736 0.991726 0.012900 0.000000 0.000000 0.000000 1.000000
0.994699 0.063730 0.080703 0.000000 -0.055968 0.993900 -0.095030 0.279800 -0.086267 0.090010 0.992198 0.012900 0.000000 0.000000 0.000000 1.000000
0.993029 0.092763 0.072724 0.000000 -0.085677 0.991769 -0.095146 0.279800 -0.080952 0.088251 0.992803 0.012900 0.000000 0.000000 0.000000 1.000000
0.992158 0.110657 0.058108 0.000000 -0.104634 0.989663 -0.098081 0.279800 -0.068361 0.091231 0.993481 0.012900 0.000000 0.000000 0.000000 1.000000
0.992710 0.113513 0.040521 0.000000 -0.108857 0.988718 -0.102893 0.279800 -0.051743 0.097732 0.993867 0.012900 0.000000 0.000000 0.000000 1.000000
0.994368 0.103147 0.024348 0.000000 -0.099955 0.989106 -0.108067 0.279800 -0.035230 0.105025 0.993845 0.012900 0.000000 0.000000 0.000000 1.000000
0.996173 0.086805 0.010225 0.000000 -0.085118 0.990031 -0.112218 0.279800 -0.019864 0.110919 0.993631 0.012900 0.000000 0.000000 0.000000 1.000000
0.997524 0.070268 -0.002901 0.000000 -0.070139 0.990988 -0.114121 0.279800 -0.005144 0.114042 0.993463 0.012900 0.000000 0.000000 0.000000 1.000000
0.998268 0.056717 -0.015644 -0.000000 -0.058127 0.991877 -0.113140 0.279800 0.009100 0.113854 0.993456 0.012900 0.000000 0.000000 0.000000 1.000000
0.998474 0.047305 -0.028497 0.000000 -0.050165 0.992687 -0.109802 0.279800 0.023094 0.111064 0.993545 0.012900 0.000000 0.000000 0.000000 1.000000
0.998282 0.041771 -0.041079 0.000000 -0.045910 0.993348 -0.105601 0.279800 0.036395 0.107305 0.993560 0.012900 0.000000 0.000000 0.000000 1.000000
0.997966 0.037180 -0.051786 0.000000 -0.042304 0.993920 -0.101655 0.279800 0.047692 0.103639 0.993471 0.012900 0.000000 0.000000 0.000000 1.000000
0.997754 0.029227 -0.060265 -0.000000 -0.035025 0.994618 -0.097514 0.279800 0.057091 0.099406 0.993408 0.012900 0.000000 0.000000 0.000000 1.000000
0.997961 0.011163 -0.062844 0.000000 -0.016945 0.995592 -0.092250 0.279800 0.061537 0.093126 0.993751 0.012900 0.000000 0.000000 0.000000 1.000000
0.998049 -0.014579 -0.060716 0.000000 0.009293 0.996213 -0.086445 0.279800 0.061746 0.085712 0.994405 0.012900 0.000000 0.000000 0.000000 1.000000
0.997522 -0.043322 -0.055429 0.000000 0.038615 0.995772 -0.083344 0.279800 0.058805 0.080997 0.994978 0.012900 0.000000 0.000000 0.000000 1.000000
0.996592 -0.067949 -0.046764 0.000000 0.063750 0.994246 -0.086082 0.279800 0.052345 0.082808 0.995190 0.012900 0.000000 0.000000 0.000000 1.000000
0.996022 -0.082208 -0.034366 0.000000 0.078668 0.992453 -0.094071 0.279800 0.041840 0.090993 0.994972 0.012900 0.000000 0.000000 0.000000 1.000000
0.996443 -0.082072 -0.019144 0.000000 0.079690 0.991507 -0.102779 0.279800 0.027417 0.100888 0.994520 0.012900 0.000000 0.000000 0.000000 1.000000
0.997500 -0.070502 -0.004787 -0.000000 0.069579 0.991753 -0.107630 0.279800 0.012336 0.107028 0.994179 0.012900 0.000000 0.000000 0.000000 1.000000
0.998424 -0.055578 0.007833 0.000000 0.056098 0.992605 -0.107651 0.279800 -0.001792 0.107920 0.994158 0.012900 0.000000 0.000000 0.000000 1.000000
0.998801 -0.044301 0.020847 0.000000 0.046257 0.993368 -0.105267 0.279800 -0.016045 0.106105 0.994225 0.012900 0.000000 0.000000 0.000000 1.000000
0.998562 -0.039267 0.036489 0.000000 0.042857 0.993711 -0.103452 0.279800 -0.032197 0.104867 0.993965 0.012900 0.000000 0.000000 0.000000 1.000000</float_array>
        <technique_common>
          <accessor source="#mixamorig_Spine-Matrix-animation-output-transform-array" count="31" stride="16">
            <param type="float4x4"/>
          </accessor>
        </technique_common>
      </source>
      <source id="mixamorig_Spine-Interpolations">
        <Name_array id="mixamorig_Spine-Interpolations-array" count="31">
 LINEAR LINEAR LINEAR LINEAR LINEAR LINEAR LINEAR LINEAR LINEAR LINEAR LINEAR
LINEAR LINEAR LINEAR LINEAR LINEAR LINEAR LINEAR LINEAR LINEAR LINEAR LINEAR LINEAR
LINEAR LINEAR LINEAR LINEAR LINEAR LINEAR LINEAR LINEAR</Name_array>
        <technique_common>
          <accessor source="#mixamorig_Spine-Interpolations-array" count="31">
            <param type="name"/>
          </accessor>
        </technique_common>
      </source>
      <sampler id="mixamorig_Spine-Matrix-animation-transform">
        <input semantic="INPUT" source="#mixamorig_Spine-Matrix-animation-input"/>
        <input semantic="OUTPUT" source="#mixamorig_Spine-Matrix-animation-output-transform"/>
        <input semantic="INTERPOLATION" source="#mixamorig_Spine-Interpolations"/>
      </sampler>
      <channel source="#mixamorig_Spine-Matrix-animation-transform" target="mixamorig_Spine/matrix"/>
    </animation>
    <animation id="mixamorig_Spine1-anim" name="mixamorig_Spine1">
      <source id="mixamorig_Spine1-Matrix-animation-input">
        <float_array id="mixamorig_Spine1-Matrix-animation-input-array" count="31">

0.000000 0.033333 0.066667 0.100000 0.133333 0.166667 0.200000 0.233333 0.266667 0.300000 0.333333 0.366667 0.400000 0.433333 0.466667 0.500000
0.533333 0.566667 0.600000 0.633333 0.666667 0.700000 0.733333 0.766667 0.800000 0.833333 0.866667 0.900000 0.933333 0.966667 1.000000</float_array>
        <technique_common>
          <accessor source="#mixamorig_Spine1-Matrix-animation-input-array" count="31">
            <param name="TIME" type="float"/>
          </accessor>
        </technique_common>
      </source>
      <source id="mixamorig_Spine1-Matrix-animation-output-transform">
        <float_array id="mixamorig_Spine1-Matrix-animation-output-transform-array" count="496">

0.999985 -0.002144 0.004998 0.000000 0.002301 0.999495 -0.031697 0.326800 -0.004927 0.031708 0.999485 0.000000 0.000000 0.000000 0.000000 1.000000
0.999979 -0.001135 0.006309 0.000000 0.001331 0.999517 -0.031046 0.326800 -0.006271 0.031054 0.999498 0.000000 0.000000 0.000000 0.000000 1.000000
0.999971 -0.001218 0.007569 0.000000 0.001436 0.999584 -0.028796 0.326800 -0.007531 0.028806 0.999557 0.000000 0.000000 0.000000 0.000000 1.000000
0.999958 -0.002354 0.008855 0.000000 0.002586 0.999652 -0.026247 0.326800 -0.008790 0.026269 0.999616 0.000000 0.000000 0.000000 0.000000 1.000000
0.999942 -0.003606 0.010102 0.000000 0.003857 0.999683 -0.024891 0.326800 -0.010009 0.024928 0.999639 0.000000 0.000000 0.000000 0.000000 1.000000
0.999933 -0.003426 0.011063 0.000000 0.003704 0.999674 -0.025260 0.326800 -0.010973 0.025299 0.999620 -0.000000 0.000000 0.000000 0.000000 1.000000
0.999934 -0.000881 0.011453 0.000000 0.001185 0.999646 -0.026588 0.326800 -0.011426 0.026599 0.999581 0.000000 0.000000 0.000000 0.000000 1.000000
0.999931 0.003629 0.011137 -0.000000 -0.003316 0.999602 -0.027998 0.326800 -0.011234 0.027959 0.999546 0.000000 0.000000 0.000000 0.000000 1.000000
0.999909 0.008852 0.010158 -0.000000 -0.008548 0.999528 -0.029515 0.326800 -0.010414 0.029426 0.999513 0.000000 0.000000 0.000000 0.000000 1.000000
0.999870 0.013574 0.008682 -0.000000 -0.013294 0.999414 -0.031533 0.326800 -0.009105 0.031414 0.999465 -0.000000 0.000000 0.000000 0.000000 1.000000
0.999833 0.016910 0.006979 -0.000000 -0.016666 0.999295 -0.033649 0.326800 -0.007543 0.033527 0.999409 0.000000 0.000000 0.000000 0.000000 1.000000
0.999820 0.018178 0.005354 0.000000 -0.017981 0.999236 -0.034710 0.326800 -0.005980 0.034607 0.999383 0.000000 0.000000 0.000000 0.000000 1.000000
0.999847 0.017057 0.003959 -0.000000 -0.016912 0.999272 -0.034196 0.326800 -0.004539 0.034124 0.999407 0.000000 0.000000 0.000000 0.000000 1.000000
0.999899 0.013975 0.002678 0.000000 -0.013879 0.999357 -0.033059 0.326800 -0.003138 0.033019 0.999450 0.000000 0.000000 0.000000 0.000000 1.000000
0.999949 0.010038 0.001293 0.000000 -0.009991 0.999414 -0.032724 0.326800 -0.001621 0.032710 0.999464 0.000000 0.000000 0.000000 0.000000 1.000000
0.999979 0.006447 -0.000222 0.000000 -0.006451 0.999421 -0.033404 0.326800 0.000006 0.033405 0.999442 0.000000 0.000000 0.000000 0.000000 1.000000
0.999990 0.004026 -0.001688 0.000000 -0.004081 0.999419 -0.033847 0.326800 0.001550 0.033854 0.999426 0.000000 0.000000 0.000000 0.000000 1.000000
0.999991 0.003112 -0.003010 0.000000 -0.003209 0.999456 -0.032830 0.326800 0.002907 0.032839 0.999456 0.000000 0.000000 0.000000 0.000000 1.000000
0.999985 0.003454 -0.004346 -0.000000 -0.003586 0.999527 -0.030546 0.326800 0.004238 0.030561 0.999524 -0.000000 0.000000 0.000000 0.000000 1.000000
0.999975 0.004054 -0.005840 -0.000000 -0.004218 0.999591 -0.028273 0.326800 0.005723 0.028297 0.999583 0.000000 0.000000 0.000000 0.000000 1.000000
0.999968 0.003459 -0.007252 0.000000 -0.003653 0.999630 -0.026956 0.326800 0.007156 0.026982 0.999610 0.000000 0.000000 0.000000 0.000000 1.000000
0.999968 0.000702 -0.007983 -0.000000 -0.000914 0.999646 -0.026575 0.326800 0.007962 0.026581 0.999615 0.000000 0.000000 0.000000 0.000000 1.000000
0.999964 -0.003878 -0.007560 -0.000000 0.003673 0.999632 -0.026860 0.326800 0.007661 0.026831 0.999611 -0.000000 0.000000 0.000000 0.000000 1.000000
0.999943 -0.008754 -0.006088 0.000000 0.008580 0.999571 -0.028015 0.326800 0.006330 0.027961 0.999589 0.000000 0.000000 0.000000 0.000000 1.000000
0.999917 -0.012144 -0.004216 0.000000 0.012011 0.999469 -0.030274 0.326800 0.004581 0.030221 0.999533 -0.000000 0.000000 0.000000 0.000000 1.000000
0.999912 -0.012992 -0.002641 0.000000 0.012897 0.999373 -0.032988 0.326800 0.003068 0.032951 0.999452 0.000000 0.000000 0.000000 0.000000 1.000000
0.999934 -0.011410 -0.001589 0.000000 0.011348 0.999331 -0.034761 0.326800 0.001985 0.034740 0.999394 0.000000 0.000000 0.000000 0.000000 1.000000
0.999964 -0.008480 -0.000716 0.000000 0.008450 0.999361 -0.034720 0.326800 0.001010 0.034713 0.999397 -0.000000 0.000000 0.000000 0.000000 1.000000
0.999985 -0.005532 0.000535 0.000000 0.005547 0.999427 -0.033384 0.326800 -0.000350 0.033386 0.999442 0.000000 0.000000 0.000000 0.000000 1.000000
0.999991 -0.003372 0.002453 -0.000000 0.003449 0.999481 -0.032040 0.326800 -0.002344 0.032048 0.999484 0.000000 0.000000 0.000000 0.000000 1.000000
0.999985 -0.002144 0.004998 -0.000000 0.002301 0.999495 -0.031697 0.326800 -0.004927 0.031708 0.999485 0.000000 0.000000 0.000000 0.000000 1.000000</float_array>
        <technique_common>
          <accessor source="#mixamorig_Spine1-Matrix-animation-output-transform-array" count="31" stride="16">
            <param type="float4x4"/>
          </accessor>
        </technique_common>
      </source>
      <source id="mixamorig_Spine1-Interpolations">
        <Name_array id="mixamorig_Spine1-Interpolations-array" count="31">
 LINEAR LINEAR LINEAR LINEAR LINEAR LINEAR LINEAR LINEAR LINEAR LINEAR LINEAR
LINEAR LINEAR LINEAR LINEAR LINEAR LINEAR LINEAR LINEAR LINEAR LINEAR LINEAR LINEAR
LINEAR LINEAR LINEAR LINEAR LINEAR LINEAR LINEAR LINEAR</Name_array>
        <technique_common>
          <accessor source="#mixamorig_Spine1-Interpolations-array" count="31">
            <param type="name"/>
          </accessor>
        </technique_common>
      </source>
      <sampler id="mixamorig_Spine1-Matrix-animation-transform">
        <input semantic="INPUT" source="#mixamorig_Spine1-Matrix-animation-input"/>
        <input semantic="OUTPUT" source="#mixamorig_Spine1-Matrix-animation-output-transform"/>
        <input semantic="INTERPOLATION" source="#mixamorig_Spine1-Interpolations"/>
      </sampler>
      <channel source="#mixamorig_Spine1-Matrix-animation-transform" target="mixamorig_Spine1/matrix"/>
    </animation>
    <animation id="mixamorig_Spine2-anim" name="mixamorig_Spine2">
      <source id="mixamorig_Spine2-Matrix-animation-input">
        <float_array id="mixamorig_Spine2-Matrix-animation-input-array" count="31">

0.000000 0.033333 0.066667 0.100000 0.133333 0.166667 0.200000 0.233333 0.266667 0.300000 0.333333 0.366667 0.400000 0.433333 0.466667 0.500000
0.533333 0.566667 0.600000 0.633333 0.666667 0.700000 0.733333 0.766667 0.800000 0.833333 0.866667 0.900000 0.933333 0.966667 1.000000</float_array>
        <technique_common>
          <accessor source="#mixamorig_Spine2-Matrix-animation-input-array" count="31">
            <param name="TIME" type="float"/>
          </accessor>
        </technique_common>
      </source>
      <source id="mixamorig_Spine2-Matrix-animation-output-transform">
        <float_array id="mixamorig_Spine2-Matrix-animation-output-transform-array" count="496">

0.999985 -0.002273 0.004922 0.000000 0.002428 0.999494 -0.031705 0.373500 -0.004848 0.031717 0.999485 0.000000 0.000000 0.000000 0.000000 1.000000
0.999979 -0.001281 0.006319 0.000000 0.001477 0.999517 -0.031053 0.373500 -0.006276 0.031062 0.999498 0.000000 0.000000 0.000000 0.000000 1.000000
0.999970 -0.001369 0.007632 -0.000000 0.001588 0.999584 -0.028796 0.373500 -0.007589 0.028808 0.999556 -0.000000 0.000000 0.000000 0.000000 1.000000
0.999957 -0.002508 0.008935 0.000000 0.002741 0.999652 -0.026238 0.373500 -0.008866 0.026261 0.999616 -0.000000 0.000000 0.000000 0.000000 1.000000
0.999941 -0.003772 0.010166 -0.000000 0.004024 0.999682 -0.024875 0.373500 -0.010069 0.024914 0.999639 0.000000 0.000000 0.000000 0.000000 1.000000
0.999932 -0.003619 0.011085 -0.000000 0.003898 0.999674 -0.025250 0.373500 -0.010990 0.025291 0.999620 0.000000 0.000000 0.000000 0.000000 1.000000
0.999934 -0.001113 0.011415 0.000000 0.001416 0.999645 -0.026603 0.373500 -0.011381 0.026617 0.999581 0.000000 0.000000 0.000000 0.000000 1.000000
0.999933 0.003354 0.011034 0.000000 -0.003044 0.999602 -0.028052 0.373500 -0.011124 0.028016 0.999546 -0.000000 0.000000 0.000000 0.000000 1.000000
0.999914 0.008541 0.010001 0.000000 -0.008242 0.999528 -0.029608 0.373500 -0.010250 0.029523 0.999512 0.000000 0.000000 0.000000 0.000000 1.000000
0.999876 0.013243 0.008502 -0.000000 -0.012968 0.999415 -0.031650 0.373500 -0.008917 0.031536 0.999463 0.000000 0.000000 0.000000 0.000000 1.000000
0.999839 0.016587 0.006816 0.000000 -0.016347 0.999296 -0.033767 0.373500 -0.007371 0.033650 0.999406 -0.000000 0.000000 0.000000 0.000000 1.000000
0.999826 0.017892 0.005238 0.000000 -0.017700 0.999237 -0.034808 0.373500 -0.005856 0.034709 0.999380 0.000000 0.000000 0.000000 0.000000 1.000000
0.999851 0.016833 0.003887 0.000000 -0.016690 0.999273 -0.034263 0.373500 -0.004461 0.034193 0.999405 0.000000 0.000000 0.000000 0.000000 1.000000
0.999901 0.013817 0.002609 0.000000 -0.013723 0.999358 -0.033095 0.373500 -0.003064 0.033056 0.999449 0.000000 0.000000 0.000000 0.000000 1.000000
0.999950 0.009935 0.001175 -0.000000 -0.009891 0.999415 -0.032737 0.373500 -0.001499 0.032724 0.999463 0.000000 0.000000 0.000000 0.000000 1.000000
0.999980 0.006387 -0.000414 -0.000000 -0.006397 0.999421 -0.033407 0.373500 0.000200 0.033409 0.999442 -0.000000 0.000000 0.000000 0.000000 1.000000
0.999990 0.004001 -0.001933 0.000000 -0.004064 0.999419 -0.033844 0.373500 0.001796 0.033852 0.999425 0.000000 0.000000 0.000000 0.000000 1.000000
0.999990 0.003116 -0.003267 0.000000 -0.003221 0.999456 -0.032820 0.373500 0.003163 0.032831 0.999456 -0.000000 0.000000 0.000000 0.000000 1.000000
0.999983 0.003486 -0.004580 0.000000 -0.003625 0.999527 -0.030526 0.373500 0.004471 0.030542 0.999523 -0.000000 0.000000 0.000000 0.000000 1.000000
0.999973 0.004118 -0.006032 0.000000 -0.004287 0.999592 -0.028245 0.373500 0.005914 0.028270 0.999583 0.000000 0.000000 0.000000 0.000000 1.000000
0.999966 0.003564 -0.007390 0.000000 -0.003762 0.999630 -0.026930 0.373500 0.007291 0.026957 0.999610 -0.000000 0.000000 0.000000 0.000000 1.000000
0.999967 0.000851 -0.008060 -0.000000 -0.001065 0.999646 -0.026567 0.373500 0.008034 0.026575 0.999615 0.000000 0.000000 0.000000 0.000000 1.000000
0.999964 -0.003699 -0.007596 0.000000 0.003493 0.999633 -0.026879 0.373500 0.007692 0.026851 0.999610 -0.000000 0.000000 0.000000 0.000000 1.000000
0.999944 -0.008575 -0.006139 0.000000 0.008399 0.999571 -0.028054 0.373500 0.006377 0.028001 0.999588 0.000000 0.000000 0.000000 0.000000 1.000000
0.999919 -0.011996 -0.004349 0.000000 0.011858 0.999470 -0.030316 0.373500 0.004711 0.030262 0.999531 -0.000000 0.000000 0.000000 0.000000 1.000000
0.999913 -0.012891 -0.002887 0.000000 0.012789 0.999373 -0.033015 0.373500 0.003311 0.032975 0.999451 0.000000 0.000000 0.000000 0.000000 1.000000
0.999934 -0.011361 -0.001921 0.000000 0.011288 0.999332 -0.034769 0.373500 0.002315 0.034745 0.999394 0.000000 0.000000 0.000000 0.000000 1.000000
0.999964 -0.008477 -0.001063 0.000000 0.008435 0.999362 -0.034717 0.373500 0.001357 0.034707 0.999397 0.000000 0.000000 0.000000 0.000000 1.000000
0.999984 -0.005571 0.000245 -0.000000 0.005576 0.999427 -0.033381 0.373500 -0.000058 0.033382 0.999443 0.000000 0.000000 0.000000 0.000000 1.000000
0.999991 -0.003454 0.002265 -0.000000 0.003525 0.999480 -0.032043 0.373500 -0.002153 0.032051 0.999484 -0.000000 0.000000 0.000000 0.000000 1.000000
0.999985 -0.002273 0.004922 0.000000 0.002428 0.999494 -0.031705 0.373500 -0.004848 0.031717 0.999485 0.000000 0.000000 0.000000 0.000000 1.000000</float_array>
        <technique_common>
          <accessor source="#mixamorig_Spine2-Matrix-animation-output-transform-array" count="31" stride="16">
            <param type="float4x4"/>
          </accessor>
        </technique_common>
      </source>
      <source id="mixamorig_Spine2-Interpolations">
        <Name_array id="mixamorig_Spine2-Interpolations-array" count="31">
 LINEAR LINEAR LINEAR LINEAR LINEAR LINEAR LINEAR LINEAR LINEAR LINEAR LINEAR
LINEAR LINEAR LINEAR LINEAR LINEAR LINEAR LINEAR LINEAR LINEAR LINEAR LINEAR LINEAR
LINEAR LINEAR LINEAR LINEAR LINEAR LINEAR LINEAR LINEAR</Name_array>
        <technique_common>
          <accessor source="#mixamorig_Spine2-Interpolations-array" count="31">
            <param type="name"/>
          </accessor>
        </technique_common>
      </source>
      <sampler id="mixamorig_Spine2-Matrix-animation-transform">
        <input semantic="INPUT" source="#mixamorig_Spine2-Matrix-animation-input"/>
        <input semantic="OUTPUT" source="#mixamorig_Spine2-Matrix-animation-output-transform"/>
        <input semantic="INTERPOLATION" source="#mixamorig_Spine2-Interpolations"/>
      </sampler>
      <channel source="#mixamorig_Spine2-Matrix-animation-transform" target="mixamorig_Spine2/matrix"/>
    </animation>
    <animation id="mixamorig_Neck-anim" name="mixamorig_Neck">
      <source id="mixamorig_Neck-Matrix-animation-input">
        <float_array id="mixamorig_Neck-Matrix-animation-input-array" count="31">

0.000000 0.033333 0.066667 0.100000 0.133333 0.166667 0.200000 0.233333 0.266667 0.300000 0.333333 0.366667 0.400000 0.433333 0.466667 0.500000
0.533333 0.566667 0.600000 0.633333 0.666667 0.700000 0.733333 0.766667 0.800000 0.833333 0.866667 0.900000 0.933333 0.966667 1.000000</float_array>
        <technique_common>
          <accessor source="#mixamorig_Neck-Matrix-animation-input-array" count="31">
            <param name="TIME" type="float"/>
          </accessor>
        </technique_common>
      </source>
      <source id="mixamorig_Neck-Matrix-animation-output-transform">
        <float_array id="mixamorig_Neck-Matrix-animation-output-transform-array" count="496">

0.999974 0.003130 0.006486 0.000000 -0.003472 0.998572 0.053315 0.420200 -0.006310 -0.053337 0.998557 -0.000000 0.000000 0.000000 0.000000 1.000000
0.999955 0.005767 0.007578 0.000000 -0.006162 0.998566 0.053180 0.420200 -0.007261 -0.053225 0.998556 0.000000 0.000000 0.000000 0.000000 1.000000
0.999922 0.008991 0.008617 -0.000000 -0.009434 0.998563 0.052748 0.420200 -0.008130 -0.052825 0.998571 0.000000 0.000000 0.000000 0.000000 1.000000
0.999878 0.012361 0.009511 -0.000000 -0.012847 0.998519 0.052871 0.420200 -0.008844 -0.052987 0.998556 0.000000 0.000000 0.000000 0.000000 1.000000
0.999841 0.014619 0.010202 0.000000 -0.015151 0.998417 0.054165 0.420200 -0.009394 -0.054311 0.998480 0.000000 0.000000 0.000000 0.000000 1.000000
0.999843 0.014158 0.010690 0.000000 -0.014738 0.998309 0.056235 0.420200 -0.009875 -0.056383 0.998360 0.000000 0.000000 0.000000 0.000000 1.000000
0.999887 0.010229 0.011021 0.000000 -0.010850 0.998265 0.057881 0.420200 -0.010410 -0.057994 0.998263 -0.000000 0.000000 0.000000 0.000000 1.000000
0.999930 0.003642 0.011274 0.000000 -0.004295 0.998280 0.058469 0.420200 -0.011042 -0.058513 0.998226 0.000000 0.000000 0.000000 0.000000 1.000000
0.999927 -0.003645 0.011558 -0.000000 0.002959 0.998265 0.058812 0.420200 -0.011752 -0.058773 0.998202 -0.000000 0.000000 0.000000 0.000000 1.000000
0.999883 -0.009493 0.011968 -0.000000 0.008755 0.998144 0.060269 0.420200 -0.012518 -0.060157 0.998110 0.000000 0.000000 0.000000 0.000000 1.000000
0.999846 -0.012282 0.012543 0.000000 0.011469 0.997953 0.062918 0.420200 -0.013290 -0.062765 0.997940 -0.000000 0.000000 0.000000 0.000000 1.000000
0.999848 -0.011308 0.013283 -0.000000 0.010420 0.997826 0.065068 0.420200 -0.013990 -0.064920 0.997792 0.000000 0.000000 0.000000 0.000000 1.000000
0.999874 -0.007090 0.014184 0.000000 0.006156 0.997875 0.064864 0.420200 -0.014614 -0.064768 0.997793 0.000000 0.000000 0.000000 0.000000 1.000000
0.999884 -0.001325 0.015146 -0.000000 0.000380 0.998062 0.062225 0.420200 -0.015199 -0.062213 0.997947 0.000000 0.000000 0.000000 0.000000 1.000000
0.999867 0.003829 0.015837 0.000000 -0.004756 0.998252 0.058908 0.420200 -0.015584 -0.058975 0.998138 0.000000 0.000000 0.000000 0.000000 1.000000
0.999853 0.006694 0.015801 0.000000 -0.007581 0.998358 0.056776 0.420200 -0.015395 -0.056887 0.998262 0.000000 0.000000 0.000000 0.000000 1.000000
0.999869 0.006533 0.014806 -0.000000 -0.007358 0.998383 0.056370 0.420200 -0.014413 -0.056472 0.998300 -0.000000 0.000000 0.000000 0.000000 1.000000
0.999908 0.003589 0.013087 0.000000 -0.004332 0.998356 0.057158 0.420200 -0.012860 -0.057209 0.998279 0.000000 0.000000 0.000000 0.000000 1.000000
0.999937 -0.000808 0.011174 0.000000 0.000152 0.998280 0.058628 0.420200 -0.011202 -0.058623 0.998217 0.000000 0.000000 0.000000 0.000000 1.000000
0.999946 -0.004222 0.009496 0.000000 0.003639 0.998154 0.060622 0.420200 -0.009734 -0.060584 0.998116 0.000000 0.000000 0.000000 0.000000 1.000000
0.999958 -0.004007 0.008228 0.000000 0.003483 0.998020 0.062796 0.420200 -0.008463 -0.062765 0.997992 0.000000 0.000000 0.000000 0.000000 1.000000
0.999972 0.000931 0.007468 -0.000000 -0.001411 0.997919 0.064471 0.420200 -0.007392 -0.064480 0.997892 0.000000 0.000000 0.000000 0.000000 1.000000
0.999933 0.008963 0.007374 -0.000000 -0.009426 0.997818 0.065349 0.420200 -0.006772 -0.065414 0.997835 0.000000 0.000000 0.000000 0.000000 1.000000
0.999833 0.016458 0.007981 0.000000 -0.016949 0.997678 0.065959 0.420200 -0.006877 -0.066083 0.997790 0.000000 0.000000 0.000000 0.000000 1.000000
0.999761 0.019983 0.008922 0.000000 -0.020535 0.997551 0.066864 0.420200 -0.007564 -0.067032 0.997722 -0.000000 0.000000 0.000000 0.000000 1.000000
0.999787 0.018299 0.009495 0.000000 -0.018899 0.997537 0.067546 0.420200 -0.008236 -0.067711 0.997671 -0.000000 0.000000 0.000000 0.000000 1.000000
0.999875 0.012861 0.009154 -0.000000 -0.013443 0.997687 0.066629 0.420200 -0.008276 -0.066744 0.997736 0.000000 0.000000 0.000000 0.000000 1.000000
0.999946 0.006702 0.008000 0.000000 -0.007196 0.997959 0.063444 0.420200 -0.007558 -0.063498 0.997953 0.000000 0.000000 0.000000 0.000000 1.000000
0.999974 0.002571 0.006744 0.000000 -0.002965 0.998252 0.059022 0.420200 -0.006580 -0.059040 0.998234 0.000000 0.000000 0.000000 0.000000 1.000000
0.999980 0.001511 0.006121 -0.000000 -0.001846 0.998473 0.055205 0.420200 -0.006028 -0.055216 0.998456 -0.000000 0.000000 0.000000 0.000000 1.000000
0.999974 0.003130 0.006486 -0.000000 -0.003472 0.998572 0.053315 0.420200 -0.006310 -0.053337 0.998557 -0.000000 0.000000 0.000000 0.000000 1.000000</float_array>
        <technique_common>
          <accessor source="#mixamorig_Neck-Matrix-animation-output-transform-array" count="31" stride="16">
            <param type="float4x4"/>
          </accessor>
        </technique_common>
      </source>
      <source id="mixamorig_Neck-Interpolations">
        <Name_array id="mixamorig_Neck-Interpolations-array" count="31">
 LINEAR LINEAR LINEAR LINEAR LINEAR LINEAR LINEAR LINEAR LINEAR LINEAR LINEAR
LINEAR LINEAR LINEAR LINEAR LINEAR LINEAR LINEAR LINEAR LINEAR LINEAR LINEAR LINEAR
LINEAR LINEAR LINEAR LINEAR LINEAR LINEAR LINEAR LINEAR</Name_array>
        <technique_common>
          <accessor source="#mixamorig_Neck-Interpolations-array" count="31">
            <param type="name"/>
          </accessor>
        </technique_common>
      </source>
      <sampler id="mixamorig_Neck-Matrix-animation-transform">
        <input semantic="INPUT" source="#mixamorig_Neck-Matrix-animation-input"/>
        <input semantic="OUTPUT" source="#mixamorig_Neck-Matrix-animation-output-transform"/>
        <input semantic="INTERPOLATION" source="#mixamorig_Neck-Interpolations"/>
      </sampler>
      <channel source="#mixamorig_Neck-Matrix-animation-transform" target="mixamorig_Neck/matrix"/>
    </animation>
    <animation id="mixamorig_Head-anim" name="mixamorig_Head">
      <source id="mixamorig_Head-Matrix-animation-input">
        <float_array id="mixamorig_Head-Matrix-animation-input-array" count="31">

0.000000 0.033333 0.066667 0.100000 0.133333 0.166667 0.200000 0.233333 0.266667 0.300000 0.333333 0.366667 0.400000 0.433333 0.466667 0.500000
0.533333 0.566667 0.600000 0.633333 0.666667 0.700000 0.733333 0.766667 0.800000 0.833333 0.866667 0.900000 0.933333 0.966667 1.000000</float_array>
        <technique_common>
          <accessor source="#mixamorig_Head-Matrix-animation-input-array" count="31">
            <param name="TIME" type="float"/>
          </accessor>
        </technique_common>
      </source>
      <source id="mixamorig_Head-Matrix-animation-output-transform">
        <float_array id="mixamorig_Head-Matrix-animation-output-transform-array" count="496">

0.995453 -0.006963 -0.094994 0.000000 0.014384 0.996876 0.077659 0.123000 0.094157 -0.078672 0.992444 -0.014000 0.000000 0.000000 0.000000 1.000000
0.996324 -0.003798 -0.085579 -0.000000 0.010785 0.996628 0.081335 0.123000 0.084981 -0.081959 0.993006 -0.014000 0.000000 0.000000 0.000000 1.000000
0.997069 0.002556 -0.076461 0.000000 0.003997 0.996336 0.085426 0.123000 0.076399 -0.085481 0.993406 -0.014000 0.000000 0.000000 0.000000 1.000000
0.997604 0.011686 -0.068188 0.000000 -0.005351 0.995711 0.092362 0.123000 0.068975 -0.091776 0.993388 -0.014000 0.000000 0.000000 0.000000 1.000000
0.997897 0.020642 -0.061443 0.000000 -0.014212 0.994548 0.103309 0.123000 0.063240 -0.102218 0.992750 -0.014000 0.000000 0.000000 0.000000 1.000000
0.998083 0.024625 -0.056783 -0.000000 -0.017952 0.993183 0.115173 0.123000 0.059232 -0.113933 0.991721 -0.014000 0.000000 0.000000 0.000000 1.000000
0.998327 0.020271 -0.054156 0.000000 -0.013582 0.992542 0.121142 0.123000 0.056207 -0.120204 0.991157 -0.014000 0.000000 0.000000 0.000000 1.000000
0.998593 0.007983 -0.052419 0.000000 -0.001835 0.993211 0.116311 0.123000 0.052991 -0.116052 0.991829 -0.014000 0.000000 0.000000 0.000000 1.000000
0.998725 -0.008548 -0.049751 -0.000000 0.013664 0.994545 0.103409 0.123000 0.048596 -0.103957 0.993394 -0.014000 0.000000 0.000000 0.000000 1.000000
0.998691 -0.024414 -0.044939 0.000000 0.028467 0.995365 0.091863 0.123000 0.042488 -0.093022 0.994757 -0.014000 0.000000 0.000000 0.000000 1.000000
0.998660 -0.035147 -0.037997 0.000000 0.038448 0.995204 0.089951 0.123000 0.034654 -0.091291 0.995221 -0.014000 0.000000 0.000000 0.000000 1.000000
0.998851 -0.037779 -0.029496 -0.000000 0.040498 0.994382 0.097793 0.123000 0.025636 -0.098875 0.994770 -0.014000 0.000000 0.000000 0.000000 1.000000
0.999284 -0.032039 -0.020107 0.000000 0.034034 0.993537 0.108283 0.123000 0.016508 -0.108890 0.993917 -0.014000 0.000000 0.000000 0.000000 1.000000
0.999713 -0.021061 -0.011446 -0.000000 0.022231 0.993215 0.114148 0.123000 0.008964 -0.114370 0.993398 -0.014000 0.000000 0.000000 0.000000 1.000000
0.999926 -0.010159 -0.006659 0.000000 0.010849 0.993483 0.113462 0.123000 0.005463 -0.113525 0.993520 -0.014000 0.000000 0.000000 0.000000 1.000000
0.999952 -0.004120 -0.008864 0.000000 0.005065 0.993994 0.109319 0.123000 0.008361 -0.109359 0.993967 -0.014000 0.000000 0.000000 0.000000 1.000000
0.999815 -0.005183 -0.018533 0.000000 0.007123 0.994321 0.106185 0.123000 0.017877 -0.106297 0.994174 -0.014000 0.000000 0.000000 0.000000 1.000000
0.999379 -0.012743 -0.032862 0.000000 0.016200 0.994107 0.107183 0.123000 0.031303 -0.107649 0.993696 -0.014000 0.000000 0.000000 0.000000 1.000000
0.998561 -0.023783 -0.048061 -0.000000 0.029099 0.993155 0.113118 0.123000 0.045041 -0.114354 0.992418 -0.014000 0.000000 0.000000 0.000000 1.000000
0.997527 -0.033306 -0.061885 -0.000000 0.040670 0.991717 0.121837 0.123000 0.057315 -0.124053 0.990619 -0.014000 0.000000 0.000000 0.000000 1.000000
0.996651 -0.035727 -0.073559 0.000000 0.044991 0.990699 0.128421 0.123000 0.068286 -0.131300 0.988988 -0.014000 0.000000 0.000000 0.000000 1.000000
0.996249 -0.027807 -0.081943 0.000000 0.038196 0.991029 0.128076 0.123000 0.077646 -0.130725 0.988373 -0.014000 0.000000 0.000000 0.000000 1.000000
0.996310 -0.011275 -0.085081 0.000000 0.021517 0.992487 0.120440 0.123000 0.083084 -0.121827 0.989068 -0.014000 0.000000 0.000000 0.000000 1.000000
0.996591 0.007478 -0.082162 -0.000000 0.001669 0.993852 0.110705 0.123000 0.082485 -0.110464 0.990451 -0.014000 0.000000 0.000000 0.000000 1.000000
0.996902 0.020897 -0.075831 0.000000 -0.012843 0.994370 0.105181 0.123000 0.077602 -0.103881 0.991558 -0.014000 0.000000 0.000000 0.000000 1.000000
0.997116 0.024504 -0.071829 0.000000 -0.016861 0.994313 0.105153 0.123000 0.073997 -0.103638 0.991859 -0.014000 0.000000 0.000000 0.000000 1.000000
0.997008 0.018992 -0.074935 0.000000 -0.010995 0.994335 0.105719 0.123000 0.076518 -0.104579 0.991569 -0.014000 0.000000 0.000000 0.000000 1.000000
0.996383 0.009012 -0.084497 0.000000 -0.000398 0.994844 0.101416 0.123000 0.084975 -0.101016 0.991249 -0.014000 0.000000 0.000000 0.000000 1.000000
0.995519 -0.000144 -0.094559 0.000000 0.008902 0.995701 0.092201 0.123000 0.094139 -0.092630 0.991240 -0.014000 0.000000 0.000000 0.000000 1.000000
0.995070 -0.005575 -0.099014 0.000000 0.013815 0.996476 0.082729 0.123000 0.098204 -0.083690 0.991641 -0.014000 0.000000 0.000000 0.000000 1.000000
0.995453 -0.006963 -0.094994 0.000000 0.014384 0.996876 0.077659 0.123000 0.094157 -0.078672 0.992444 -0.014000 0.000000 0.000000 0.000000 1.000000</float_array>
        <technique_common>
          <accessor source="#mixamorig_Head-Matrix-animation-output-transform-array" count="31" stride="16">
            <param type="float4x4"/>
          </accessor>
        </technique_common>
      </source>
      <source id="mixamorig_Head-Interpolations">
