<?xml version="1.0" encoding="utf-8"?>
<COLLADA xmlns="http://www.collada.org/2005/11/COLLADASchema" version="1.4.1">
  <asset>
    <contributor>
      <author>Mixamo</author>
      <authoring_tool>COLLADA Mixamo exporter</authoring_tool>
      <comments/>
    </contributor>
    <created>2024-07-10T06:00:23Z</created>
    <modified>2024-07-10T06:00:23Z</modified>
    <revision/>
    <title/>
    <unit meter="0.010000"/>
    <up_axis>Y_UP</up_axis>
  </asset>
  <library_animations>
    <animation id="mixamorig_Hips-anim" name="mixamorig_Hips">
      <source id="mixamorig_Hips-Matrix-animation-input">
        <float_array id="mixamorig_Hips-Matrix-animation-input-array" count="26">

0.000000 0.033333 0.066667 0.100000 0.133333 0.166667 0.200000 0.233333 0.266667 0.300000 0.333333 0.366667 0.400000 0.433333 0.466667 0.500000
0.533333 0.566667 0.600000 0.633333 0.666667 0.700000 0.733333 0.766667 0.800000 0.833333</float_array>
        <technique_common>
          <accessor source="#mixamorig_Hips-Matrix-animation-input-array" count="26">
            <param name="TIME" type="float"/>
          </accessor>
        </technique_common>
      </source>
      <source id="mixamorig_Hips-Matrix-animation-output-transform">
        <float_array id="mixamorig_Hips-Matrix-animation-output-transform-array" count="416">

0.677887 -0.024447 -0.734760 0.211798 -0.039271 0.996816 -0.069397 1.400105 0.734117 0.075898 0.674768 0.014469 0.000000 0.000000 0.000000 1.000000
0.759984 0.010589 -0.649856 0.214654 -0.062349 0.996444 -0.056678 1.403493 0.646945 0.083592 0.757941 0.024470 0.000000 0.000000 0.000000 1.000000
0.856614 0.050458 -0.513484 0.209368 -0.084049 0.995560 -0.042385 1.415027 0.509065 0.079465 0.857052 0.028083 0.000000 0.000000 0.000000 1.000000
0.937226 0.083675 -0.338534 0.199713 -0.100639 0.994381 -0.032838 1.430830 0.333884 0.064847 0.940381 0.027345 0.000000 0.000000 0.000000 1.000000
0.982126 0.099410 -0.159830 0.185143 -0.104811 0.994160 -0.025705 1.440588 0.156341 0.041998 0.986810 0.018966 0.000000 0.000000 0.000000 1.000000
0.993447 0.111417 -0.025486 0.170883 -0.111811 0.993623 -0.014562 1.452940 0.023701 0.017316 0.999569 0.006906 0.000000 0.000000 0.000000 1.000000
0.986781 0.132166 0.093788 0.150883 -0.131243 0.991222 -0.015964 1.468587 -0.095075 0.003444 0.995464 0.002653 0.000000 0.000000 0.000000 1.000000
0.965075 0.149580 0.215073 0.124524 -0.142759 0.988641 -0.046998 1.477295 -0.219660 0.014653 0.975466 0.008437 0.000000 0.000000 0.000000 1.000000
0.942334 0.169274 0.288710 0.113632 -0.152364 0.985061 -0.080244 1.468257 -0.297980 0.031628 0.954048 0.011316 0.000000 0.000000 0.000000 1.000000
0.938151 0.172979 0.299919 0.111479 -0.151444 0.984005 -0.093807 1.450126 -0.311348 0.042584 0.949341 0.005631 0.000000 0.000000 0.000000 1.000000
0.939814 0.159455 0.302198 0.112952 -0.133367 0.985465 -0.105222 1.438624 -0.314583 0.058586 0.947420 -0.000505 0.000000 0.000000 0.000000 1.000000
0.938112 0.147980 0.313127 0.114969 -0.115450 0.986026 -0.120102 1.431793 -0.326524 0.076519 0.942087 -0.003261 0.000000 0.000000 0.000000 1.000000
0.939213 0.136241 0.315145 0.117004 -0.101820 0.987132 -0.123300 1.428872 -0.327889 0.083717 0.941000 -0.006655 0.000000 0.000000 0.000000 1.000000
0.946949 0.124237 0.296400 0.120632 -0.094184 0.989045 -0.113659 1.432218 -0.307273 0.079714 0.948277 -0.009404 0.000000 0.000000 0.000000 1.000000
0.961416 0.110161 0.252079 0.124957 -0.089506 0.991726 -0.092022 1.437006 -0.260130 0.065909 0.963322 -0.012473 0.000000 0.000000 0.000000 1.000000
0.976107 0.092504 0.196618 0.127235 -0.080481 0.994413 -0.068299 1.438550 -0.201838 0.050843 0.978098 -0.016243 0.000000 0.000000 0.000000 1.000000
0.987343 0.072586 0.141017 0.125500 -0.066229 0.996587 -0.049269 1.438578 -0.144112 0.039306 0.988780 -0.019976 0.000000 0.000000 0.000000 1.000000
0.994085 0.056569 0.092708 0.119363 -0.053226 0.997853 -0.038152 1.438809 -0.094667 0.032992 0.994962 -0.023721 0.000000 0.000000 0.000000 1.000000
0.997706 0.044747 0.050797 0.109642 -0.043226 0.998595 -0.030668 1.438410 -0.052098 0.028402 0.998238 -0.029141 0.000000 0.000000 0.000000 1.000000
0.999298 0.035107 0.013056 0.096853 -0.034786 0.999105 -0.024066 1.437125 -0.013889 0.023595 0.999625 -0.036704 0.000000 0.000000 0.000000 1.000000
0.999305 0.032683 -0.017938 0.083641 -0.033036 0.999259 -0.019771 1.436302 0.017279 0.020350 0.999644 -0.044346 0.000000 0.000000 0.000000 1.000000
0.998540 0.033808 -0.042141 0.071794 -0.034496 0.999281 -0.015707 1.435688 0.041580 0.017138 0.998988 -0.051967 0.000000 0.000000 0.000000 1.000000
0.997483 0.032468 -0.063034 0.062091 -0.033322 0.999366 -0.012546 1.435224 0.062586 0.014615 0.997933 -0.059566 0.000000 0.000000 0.000000 1.000000
0.996160 0.030619 -0.082018 0.055292 -0.031522 0.999456 -0.009746 1.435355 0.081675 0.012294 0.996583 -0.065986 0.000000 0.000000 0.000000 1.000000
0.994742 0.029909 -0.097948 0.051300 -0.030561 0.999520 -0.005168 1.435691 0.097747 0.008135 0.995178 -0.071133 0.000000 0.000000 0.000000 1.000000
0.992763 0.030022 -0.116281 0.049748 -0.030245 0.999543 -0.000153 1.435655 0.116223 0.003669 0.993216 -0.075745 0.000000 0.000000 0.000000 1.000000</float_array>
        <technique_common>
          <accessor source="#mixamorig_Hips-Matrix-animation-output-transform-array" count="26" stride="16">
            <param type="float4x4"/>
          </accessor>
        </technique_common>
      </source>
      <source id="mixamorig_Hips-Interpolations">
        <Name_array id="mixamorig_Hips-Interpolations-array" count="26">
 LINEAR LINEAR LINEAR LINEAR LINEAR LINEAR LINEAR LINEAR LINEAR LINEAR LINEAR
LINEAR LINEAR LINEAR LINEAR LINEAR LINEAR LINEAR LINEAR LINEAR LINEAR LINEAR LINEAR
LINEAR LINEAR LINEAR</Name_array>
        <technique_common>
          <accessor source="#mixamorig_Hips-Interpolations-array" count="26">
            <param type="name"/>
          </accessor>
        </technique_common>
      </source>
      <sampler id="mixamorig_Hips-Matrix-animation-transform">
        <input semantic="INPUT" source="#mixamorig_Hips-Matrix-animation-input"/>
        <input semantic="OUTPUT" source="#mixamorig_Hips-Matrix-animation-output-transform"/>
        <input semantic="INTERPOLATION" source="#mixamorig_Hips-Interpolations"/>
      </sampler>
      <channel source="#mixamorig_Hips-Matrix-animation-transform" target="mixamorig_Hips/matrix"/>
    </animation>
    <animation id="mixamorig_Spine-anim" name="mixamorig_Spine">
      <source id="mixamorig_Spine-Matrix-animation-input">
        <float_array id="mixamorig_Spine-Matrix-animation-input-array" count="26">

0.000000 0.033333 0.066667 0.100000 0.133333 0.166667 0.200000 0.233333 0.266667 0.300000 0.333333 0.366667 0.400000 0.433333 0.466667 0.500000
0.533333 0.566667 0.600000 0.633333 0.666667 0.700000 0.733333 0.766667 0.800000 0.833333</float_array>
        <technique_common>
          <accessor source="#mixamorig_Spine-Matrix-animation-input-array" count="26">
            <param name="TIME" type="float"/>
          </accessor>
        </technique_common>
      </source>
      <source id="mixamorig_Spine-Matrix-animation-output-transform">
        <float_array id="mixamorig_Spine-Matrix-animation-output-transform-array" count="416">

0.973323 -0.186510 -0.133625 0.000000 0.170211 0.977504 -0.124554 0.279800 0.153849 0.098486 0.983174 0.012900 0.000000 0.000000 0.000000 1.000000
0.968294 -0.186108 -0.166646 0.000000 0.169653 0.979548 -0.108182 0.279800 0.183371 0.076480 0.980064 0.012900 0.000000 0.000000 0.000000 1.000000
0.976022 -0.151201 -0.156585 -0.000000 0.141093 0.987239 -0.073838 0.279800 0.165751 0.049975 0.984901 0.012900 0.000000 0.000000 0.000000 1.000000
0.994317 -0.078457 -0.071958 -0.000000 0.076323 0.996571 -0.031955 0.279800 0.074218 0.026282 0.996896 0.012900 0.000000 0.000000 0.000000 1.000000
0.998989 0.009148 0.044014 -0.000000 -0.007896 0.999561 -0.028546 0.279800 -0.044256 0.028170 0.998623 0.012900 0.000000 0.000000 0.000000 1.000000
0.990290 0.077186 0.115623 -0.000000 -0.069297 0.995083 -0.070771 0.279800 -0.120517 0.062071 0.990769 0.012900 0.000000 0.000000 0.000000 1.000000
0.983949 0.120511 0.131609 -0.000000 -0.105545 0.987704 -0.115329 0.279800 -0.143889 0.099587 0.984570 0.012900 0.000000 0.000000 0.000000 1.000000
0.981446 0.137528 0.133604 -0.000000 -0.118780 0.983085 -0.139409 0.279800 -0.150517 0.120953 0.981180 0.012900 0.000000 0.000000 0.000000 1.000000
0.979714 0.132903 0.149991 0.000000 -0.109378 0.981765 -0.155482 0.279800 -0.167920 0.135922 0.976385 0.012900 0.000000 0.000000 0.000000 1.000000
0.972990 0.135662 0.186780 0.000000 -0.102521 0.978873 -0.176910 0.279800 -0.206834 0.152983 0.966342 0.012900 0.000000 0.000000 0.000000 1.000000
0.961762 0.157350 0.224176 0.000000 -0.113022 0.973570 -0.198464 0.279800 -0.249479 0.165539 0.954126 0.012900 0.000000 0.000000 0.000000 1.000000
0.956585 0.172210 0.235137 -0.000000 -0.123985 0.970573 -0.206436 0.279800 -0.263768 0.168320 0.949787 0.012900 0.000000 0.000000 0.000000 1.000000
0.960318 0.164649 0.225122 0.000000 -0.119687 0.972337 -0.200589 0.279800 -0.251922 0.165685 0.953459 0.012900 0.000000 0.000000 0.000000 1.000000
0.965056 0.146212 0.217460 0.000000 -0.104655 0.975860 -0.191687 0.279800 -0.240238 0.162231 0.957062 0.012900 0.000000 0.000000 0.000000 1.000000
0.968386 0.126987 0.214714 -0.000000 -0.087754 0.979132 -0.183301 0.279800 -0.233510 0.158664 0.959322 0.012900 0.000000 0.000000 0.000000 1.000000
0.973000 0.109226 0.203326 0.000000 -0.073973 0.982042 -0.173555 0.279800 -0.218632 0.153829 0.963606 0.012900 0.000000 0.000000 0.000000 1.000000
0.979040 0.093215 0.181083 -0.000000 -0.064074 0.984940 -0.160588 0.279800 -0.193325 0.145619 0.970268 0.012900 0.000000 0.000000 0.000000 1.000000
0.984209 0.078585 0.158612 -0.000000 -0.055381 0.987771 -0.145745 0.279800 -0.168126 0.134660 0.976525 0.012900 0.000000 0.000000 0.000000 1.000000
0.987998 0.064715 0.140253 -0.000000 -0.045837 0.989937 -0.133880 0.279800 -0.147506 0.125845 0.981022 0.012900 0.000000 0.000000 0.000000 1.000000
0.991267 0.050285 0.121903 -0.000000 -0.034753 0.991377 -0.126347 0.279800 -0.127206 0.121007 0.984467 0.012900 0.000000 0.000000 0.000000 1.000000
0.994271 0.032279 0.101898 0.000000 -0.019884 0.992528 -0.120387 0.279800 -0.105022 0.117672 0.987484 0.012900 0.000000 0.000000 0.000000 1.000000
0.996438 0.012888 0.083340 -0.000000 -0.003206 0.993327 -0.115287 0.279800 -0.084270 0.114609 0.989830 0.012900 0.000000 0.000000 0.000000 1.000000
0.997715 -0.002096 0.067535 -0.000000 0.009640 0.993710 -0.111569 0.279800 -0.066876 0.111965 0.991459 0.012900 0.000000 0.000000 0.000000 1.000000
0.998521 -0.013029 0.052775 -0.000000 0.018720 0.993885 -0.108825 0.279800 -0.051035 0.109652 0.992659 0.012900 0.000000 0.000000 0.000000 1.000000
0.998899 -0.022430 0.041208 -0.000000 0.026754 0.993836 -0.107584 0.279800 -0.038541 0.108568 0.993342 0.012900 0.000000 0.000000 0.000000 1.000000
0.998890 -0.030470 0.035919 -0.000000 0.034195 0.993550 -0.108117 0.279800 -0.032393 0.109225 0.993489 0.012900 0.000000 0.000000 0.000000 1.000000</float_array>
        <technique_common>
          <accessor source="#mixamorig_Spine-Matrix-animation-output-transform-array" count="26" stride="16">
            <param type="float4x4"/>
          </accessor>
        </technique_common>
      </source>
      <source id="mixamorig_Spine-Interpolations">
        <Name_array id="mixamorig_Spine-Interpolations-array" count="26">
 LINEAR LINEAR LINEAR LINEAR LINEAR LINEAR LINEAR LINEAR LINEAR LINEAR LINEAR
LINEAR LINEAR LINEAR LINEAR LINEAR LINEAR LINEAR LINEAR LINEAR LINEAR LINEAR LINEAR
LINEAR LINEAR LINEAR</Name_array>
        <technique_common>
          <accessor source="#mixamorig_Spine-Interpolations-array" count="26">
            <param type="name"/>
          </accessor>
        </technique_common>
      </source>
      <sampler id="mixamorig_Spine-Matrix-animation-transform">
        <input semantic="INPUT" source="#mixamorig_Spine-Matrix-animation-input"/>
        <input semantic="OUTPUT" source="#mixamorig_Spine-Matrix-animation-output-transform"/>
        <input semantic="INTERPOLATION" source="#mixamorig_Spine-Interpolations"/>
      </sampler>
      <channel source="#mixamorig_Spine-Matrix-animation-transform" target="mixamorig_Spine/matrix"/>
    </animation>
    <animation id="mixamorig_Spine1-anim" name="mixamorig_Spine1">
      <source id="mixamorig_Spine1-Matrix-animation-input">
        <float_array id="mixamorig_Spine1-Matrix-animation-input-array" count="26">

0.000000 0.033333 0.066667 0.100000 0.133333 0.166667 0.200000 0.233333 0.266667 0.300000 0.333333 0.366667 0.400000 0.433333 0.466667 0.500000
0.533333 0.566667 0.600000 0.633333 0.666667 0.700000 0.733333 0.766667 0.800000 0.833333</float_array>
        <technique_common>
          <accessor source="#mixamorig_Spine1-Matrix-animation-input-array" count="26">
            <param name="TIME" type="float"/>
          </accessor>
        </technique_common>
      </source>
      <source id="mixamorig_Spine1-Matrix-animation-output-transform">
        <float_array id="mixamorig_Spine1-Matrix-animation-output-transform-array" count="416">

0.996758 -0.064767 -0.047740 0.000000 0.063713 0.997697 -0.023270 0.326800 0.049137 0.020153 0.998589 0.000000 0.000000 0.000000 0.000000 1.000000
0.996077 -0.065867 -0.059087 0.000000 0.064755 0.997690 -0.020532 0.326800 0.060303 0.016625 0.998042 0.000000 0.000000 0.000000 0.000000 1.000000
0.997064 -0.052563 -0.055676 0.000000 0.051792 0.998542 -0.015202 0.326800 0.056393 0.012273 0.998333 0.000000 0.000000 0.000000 0.000000 1.000000
0.999205 -0.030601 -0.025549 0.000000 0.030323 0.999477 -0.011234 0.326800 0.025879 0.010450 0.999610 0.000000 0.000000 0.000000 0.000000 1.000000
0.999799 -0.011256 0.016596 0.000000 0.011476 0.999847 -0.013231 0.326800 -0.016445 0.013419 0.999775 0.000000 0.000000 0.000000 0.000000 1.000000
0.999031 0.005682 0.043636 0.000000 -0.004873 0.999815 -0.018610 0.326800 -0.043734 0.018379 0.998874 0.000000 0.000000 0.000000 0.000000 1.000000
0.998496 0.022156 0.050146 -0.000000 -0.020998 0.999503 -0.023502 0.326800 -0.050641 0.022414 0.998465 0.000000 0.000000 0.000000 0.000000 1.000000
0.998188 0.031975 0.050964 0.000000 -0.030561 0.999133 -0.028286 0.326800 -0.051824 0.026677 0.998300 -0.000000 0.000000 0.000000 0.000000 1.000000
0.997876 0.032639 0.056373 0.000000 -0.030731 0.998936 -0.034379 0.326800 -0.057435 0.032573 0.997818 0.000000 0.000000 0.000000 0.000000 1.000000
0.996994 0.034813 0.069218 -0.000000 -0.031995 0.998630 -0.041412 0.326800 -0.070564 0.039073 0.996742 0.000000 0.000000 0.000000 0.000000 1.000000
0.995664 0.041756 0.083129 -0.000000 -0.037946 0.998179 -0.046894 0.326800 -0.084936 0.043537 0.995435 -0.000000 0.000000 0.000000 0.000000 1.000000
0.995120 0.045079 0.087771 0.000000 -0.040988 0.998012 -0.047867 0.326800 -0.089754 0.044035 0.994990 0.000000 0.000000 0.000000 0.000000 1.000000
0.995587 0.041273 0.084276 -0.000000 -0.037562 0.998274 -0.045156 0.326800 -0.085994 0.041791 0.995419 0.000000 0.000000 0.000000 0.000000 1.000000
0.996085 0.035092 0.081132 0.000000 -0.031766 0.998616 -0.041928 0.326800 -0.082491 0.039186 0.995821 0.000000 0.000000 0.000000 0.000000 1.000000
0.996396 0.029955 0.079354 0.000000 -0.026894 0.998863 -0.039357 0.326800 -0.080442 0.037081 0.996069 0.000000 0.000000 0.000000 0.000000 1.000000
0.996895 0.025485 0.074508 0.000000 -0.022806 0.999070 -0.036589 0.326800 -0.075371 0.034776 0.996549 -0.000000 0.000000 0.000000 0.000000 1.000000
0.997590 0.020880 0.066175 0.000000 -0.018746 0.999290 -0.032695 0.326800 -0.066810 0.031376 0.997272 -0.000000 0.000000 0.000000 0.000000 1.000000
0.998185 0.016514 0.057917 0.000000 -0.014920 0.999501 -0.027845 0.326800 -0.058348 0.026930 0.997933 0.000000 0.000000 0.000000 0.000000 1.000000
0.998613 0.013053 0.051000 -0.000000 -0.011858 0.999650 -0.023654 0.326800 -0.051290 0.023017 0.998419 0.000000 0.000000 0.000000 0.000000 1.000000
0.998980 0.009821 0.044070 -0.000000 -0.008900 0.999739 -0.021046 0.326800 -0.044265 0.020632 0.998807 0.000000 0.000000 0.000000 0.000000 1.000000
0.999316 0.005485 0.036575 0.000000 -0.004781 0.999803 -0.019288 0.326800 -0.036674 0.019100 0.999145 0.000000 0.000000 0.000000 0.000000 1.000000
0.999562 0.000740 0.029592 0.000000 -0.000204 0.999836 -0.018096 0.326800 -0.029600 0.018082 0.999398 0.000000 0.000000 0.000000 0.000000 1.000000
0.999713 -0.003077 0.023764 0.000000 0.003492 0.999842 -0.017448 0.326800 -0.023707 0.017526 0.999565 0.000000 0.000000 0.000000 0.000000 1.000000
0.999806 -0.006555 0.018583 -0.000000 0.006867 0.999836 -0.016765 0.326800 -0.018470 0.016889 0.999687 0.000000 0.000000 0.000000 0.000000 1.000000
0.999844 -0.009939 0.014606 0.000000 0.010176 0.999816 -0.016257 0.326800 -0.014442 0.016403 0.999761 0.000000 0.000000 0.000000 0.000000 1.000000
0.999838 -0.012718 0.012745 0.000000 0.012927 0.999782 -0.016404 0.326800 -0.012534 0.016566 0.999784 -0.000000 0.000000 0.000000 0.000000 1.000000</float_array>
        <technique_common>
          <accessor source="#mixamorig_Spine1-Matrix-animation-output-transform-array" count="26" stride="16">
            <param type="float4x4"/>
          </accessor>
        </technique_common>
      </source>
      <source id="mixamorig_Spine1-Interpolations">
        <Name_array id="mixamorig_Spine1-Interpolations-array" count="26">
 LINEAR LINEAR LINEAR LINEAR LINEAR LINEAR LINEAR LINEAR LINEAR LINEAR LINEAR
LINEAR LINEAR LINEAR LINEAR LINEAR LINEAR LINEAR LINEAR LINEAR LINEAR LINEAR LINEAR
LINEAR LINEAR LINEAR</Name_array>
        <technique_common>
          <accessor source="#mixamorig_Spine1-Interpolations-array" count="26">
            <param type="name"/>
          </accessor>
        </technique_common>
      </source>
      <sampler id="mixamorig_Spine1-Matrix-animation-transform">
        <input semantic="INPUT" source="#mixamorig_Spine1-Matrix-animation-input"/>
        <input semantic="OUTPUT" source="#mixamorig_Spine1-Matrix-animation-output-transform"/>
        <input semantic="INTERPOLATION" source="#mixamorig_Spine1-Interpolations"/>
      </sampler>
      <channel source="#mixamorig_Spine1-Matrix-animation-transform" target="mixamorig_Spine1/matrix"/>
    </animation>
    <animation id="mixamorig_Spine2-anim" name="mixamorig_Spine2">
      <source id="mixamorig_Spine2-Matrix-animation-input">
        <float_array id="mixamorig_Spine2-Matrix-animation-input-array" count="26">

0.000000 0.033333 0.066667 0.100000 0.133333 0.166667 0.200000 0.233333 0.266667 0.300000 0.333333 0.366667 0.400000 0.433333 0.466667 0.500000
0.533333 0.566667 0.600000 0.633333 0.666667 0.700000 0.733333 0.766667 0.800000 0.833333</float_array>
        <technique_common>
          <accessor source="#mixamorig_Spine2-Matrix-animation-input-array" count="26">
            <param name="TIME" type="float"/>
          </accessor>
        </technique_common>
      </source>
      <source id="mixamorig_Spine2-Matrix-animation-output-transform">
        <float_array id="mixamorig_Spine2-Matrix-animation-output-transform-array" count="416">

0.996759 -0.064941 -0.047475 0.000000 0.063885 0.997682 -0.023448 0.373500 0.048888 0.020340 0.998597 0.000000 0.000000 0.000000 0.000000 1.000000
0.996085 -0.065524 -0.059343 0.000000 0.064394 0.997709 -0.020752 0.373500 0.060567 0.016849 0.998022 0.000000 0.000000 0.000000 0.000000 1.000000
0.997067 -0.051496 -0.056616 0.000000 0.050710 0.998597 -0.015232 0.373500 0.057321 0.012316 0.998280 0.000000 0.000000 0.000000 0.000000 1.000000
0.999201 -0.029837 -0.026597 0.000000 0.029546 0.999500 -0.011254 0.373500 0.026919 0.010460 0.999583 0.000000 0.000000 0.000000 0.000000 1.000000
0.999796 -0.011880 0.016356 -0.000000 0.012089 0.999846 -0.012727 0.373500 -0.016203 0.012922 0.999785 0.000000 0.000000 0.000000 0.000000 1.000000
0.999008 0.004529 0.044291 0.000000 -0.003770 0.999845 -0.017207 0.373500 -0.044362 0.017023 0.998870 -0.000000 0.000000 0.000000 0.000000 1.000000
0.998463 0.021773 0.050973 0.000000 -0.020678 0.999546 -0.021912 0.373500 -0.051427 0.020824 0.998460 0.000000 0.000000 0.000000 0.000000 1.000000
0.998152 0.032129 0.051586 0.000000 -0.030765 0.999162 -0.027010 0.373500 -0.052411 0.025373 0.998303 -0.000000 0.000000 0.000000 0.000000 1.000000
0.997846 0.032721 0.056861 0.000000 -0.030851 0.998964 -0.033452 0.373500 -0.057896 0.031626 0.997822 0.000000 0.000000 0.000000 0.000000 1.000000
0.996963 0.034897 0.069615 -0.000000 -0.032117 0.998657 -0.040656 0.373500 -0.070940 0.038296 0.996745 0.000000 0.000000 0.000000 0.000000 1.000000
0.995622 0.042037 0.083490 -0.000000 -0.038290 0.998208 -0.045977 0.373500 -0.085273 0.042579 0.995447 0.000000 0.000000 0.000000 0.000000 1.000000
0.995065 0.045553 0.088156 -0.000000 -0.041554 0.998045 -0.046676 0.373500 -0.090110 0.042782 0.995012 0.000000 0.000000 0.000000 0.000000 1.000000
0.995525 0.041885 0.084711 0.000000 -0.038281 0.998309 -0.043738 0.373500 -0.086400 0.040299 0.995445 0.000000 0.000000 0.000000 0.000000 1.000000
0.996024 0.035810 0.081573 -0.000000 -0.032594 0.998651 -0.040419 0.373500 -0.082911 0.037600 0.995847 -0.000000 0.000000 0.000000 0.000000 1.000000
0.996344 0.030719 0.079717 0.000000 -0.027757 0.998892 -0.038004 0.373500 -0.080796 0.035653 0.996093 -0.000000 0.000000 0.000000 0.000000 1.000000
0.996854 0.026231 0.074789 -0.000000 -0.023628 0.999091 -0.035475 0.373500 -0.075651 0.033596 0.996568 -0.000000 0.000000 0.000000 0.000000 1.000000
0.997557 0.021557 0.066446 0.000000 -0.019484 0.999308 -0.031694 0.373500 -0.067083 0.030322 0.997287 0.000000 0.000000 0.000000 0.000000 1.000000
0.998159 0.017137 0.058174 0.000000 -0.015591 0.999516 -0.026922 0.373500 -0.058607 0.025965 0.997943 0.000000 0.000000 0.000000 0.000000 1.000000
0.998596 0.013669 0.051179 0.000000 -0.012509 0.999659 -0.022914 0.373500 -0.051475 0.022241 0.998427 -0.000000 0.000000 0.000000 0.000000 1.000000
0.998969 0.010406 0.044178 0.000000 -0.009506 0.999744 -0.020539 0.373500 -0.044381 0.020098 0.998813 -0.000000 0.000000 0.000000 0.000000 1.000000
0.999310 0.005983 0.036652 -0.000000 -0.005289 0.999805 -0.019002 0.373500 -0.036758 0.018795 0.999147 0.000000 0.000000 0.000000 0.000000 1.000000
0.999560 0.001126 0.029649 -0.000000 -0.000593 0.999838 -0.017984 0.373500 -0.029665 0.017959 0.999399 0.000000 0.000000 0.000000 0.000000 1.000000
0.999712 -0.002793 0.023820 0.000000 0.003209 0.999843 -0.017422 0.373500 -0.023768 0.017494 0.999564 0.000000 0.000000 0.000000 0.000000 1.000000
0.999805 -0.006342 0.018675 0.000000 0.006655 0.999838 -0.016749 0.373500 -0.018566 0.016870 0.999685 0.000000 0.000000 0.000000 0.000000 1.000000
0.999844 -0.009765 0.014749 0.000000 0.010004 0.999818 -0.016234 0.373500 -0.014588 0.016379 0.999759 -0.000000 0.000000 0.000000 0.000000 1.000000
0.999838 -0.012562 0.012926 0.000000 0.012773 0.999784 -0.016382 0.373500 -0.012717 0.016544 0.999782 0.000000 0.000000 0.000000 0.000000 1.000000</float_array>
        <technique_common>
          <accessor source="#mixamorig_Spine2-Matrix-animation-output-transform-array" count="26" stride="16">
            <param type="float4x4"/>
          </accessor>
        </technique_common>
      </source>
      <source id="mixamorig_Spine2-Interpolations">
        <Name_array id="mixamorig_Spine2-Interpolations-array" count="26">
 LINEAR LINEAR LINEAR LINEAR LINEAR LINEAR LINEAR LINEAR LINEAR LINEAR LINEAR
LINEAR LINEAR LINEAR LINEAR LINEAR LINEAR LINEAR LINEAR LINEAR LINEAR LINEAR LINEAR
LINEAR LINEAR LINEAR</Name_array>
        <technique_common>
          <accessor source="#mixamorig_Spine2-Interpolations-array" count="26">
            <param type="name"/>
          </accessor>
        </technique_common>
      </source>
      <sampler id="mixamorig_Spine2-Matrix-animation-transform">
        <input semantic="INPUT" source="#mixamorig_Spine2-Matrix-animation-input"/>
        <input semantic="OUTPUT" source="#mixamorig_Spine2-Matrix-animation-output-transform"/>
        <input semantic="INTERPOLATION" source="#mixamorig_Spine2-Interpolations"/>
      </sampler>
      <channel source="#mixamorig_Spine2-Matrix-animation-transform" target="mixamorig_Spine2/matrix"/>
    </animation>
    <animation id="mixamorig_Neck-anim" name="mixamorig_Neck">
      <source id="mixamorig_Neck-Matrix-animation-input">
        <float_array id="mixamorig_Neck-Matrix-animation-input-array" count="26">

0.000000 0.033333 0.066667 0.100000 0.133333 0.166667 0.200000 0.233333 0.266667 0.300000 0.333333 0.366667 0.400000 0.433333 0.466667 0.500000
0.533333 0.566667 0.600000 0.633333 0.666667 0.700000 0.733333 0.766667 0.800000 0.833333</float_array>
        <technique_common>
          <accessor source="#mixamorig_Neck-Matrix-animation-input-array" count="26">
            <param name="TIME" type="float"/>
          </accessor>
        </technique_common>
      </source>
      <source id="mixamorig_Neck-Matrix-animation-output-transform">
        <float_array id="mixamorig_Neck-Matrix-animation-output-transform-array" count="416">

0.995877 -0.053222 0.073466 -0.000000 0.047459 0.995817 0.078076 0.420200 -0.077314 -0.074268 0.994237 0.000000 0.000000 0.000000 0.000000 1.000000
0.995069 -0.072578 0.067601 -0.000000 0.067622 0.995043 0.072919 0.420200 -0.072558 -0.067988 0.995044 0.000000 0.000000 0.000000 0.000000 1.000000
0.993516 -0.103230 0.047634 0.000000 0.099439 0.992132 0.076068 0.420200 -0.055112 -0.070839 0.995964 0.000000 0.000000 0.000000 0.000000 1.000000
0.992318 -0.123214 0.011075 0.000000 0.121686 0.988288 0.092081 0.420200 -0.022291 -0.090026 0.995690 0.000000 0.000000 0.000000 0.000000 1.000000
0.992888 -0.115973 -0.026886 0.000000 0.118352 0.985980 0.117628 0.420200 0.012868 -0.119973 0.992694 0.000000 0.000000 0.000000 0.000000 1.000000
0.994596 -0.092347 -0.047451 0.000000 0.098071 0.985652 0.137378 0.420200 0.034084 -0.141289 0.989382 -0.000000 0.000000 0.000000 0.000000 1.000000
0.995857 -0.072576 -0.054790 0.000000 0.079865 0.986151 0.145354 0.420200 0.043482 -0.149127 0.987861 -0.000000 0.000000 0.000000 0.000000 1.000000
0.996253 -0.060350 -0.061955 -0.000000 0.069315 0.985545 0.154586 0.420200 0.051730 -0.158301 0.986035 0.000000 0.000000 0.000000 0.000000 1.000000
0.996238 -0.053179 -0.068424 0.000000 0.064160 0.983373 0.169887 0.420200 0.058252 -0.173638 0.983085 0.000000 0.000000 0.000000 0.000000 1.000000
0.995656 -0.054851 -0.075232 0.000000 0.067962 0.980460 0.184605 0.420200 0.063636 -0.188916 0.979929 0.000000 0.000000 0.000000 0.000000 1.000000
0.994611 -0.061556 -0.083422 0.000000 0.076821 0.977927 0.194313 0.420200 0.069619 -0.199674 0.977386 0.000000 0.000000 0.000000 0.000000 1.000000
0.994161 -0.064414 -0.086571 0.000000 0.080327 0.977477 0.195155 0.420200 0.072051 -0.200970 0.976944 0.000000 0.000000 0.000000 0.000000 1.000000
0.994529 -0.062720 -0.083537 0.000000 0.077471 0.979290 0.187056 0.420200 0.070075 -0.192505 0.978791 -0.000000 0.000000 0.000000 0.000000 1.000000
0.994870 -0.062143 -0.079825 0.000000 0.075380 0.981628 0.175284 0.420200 0.067466 -0.180402 0.981277 0.000000 0.000000 0.000000 0.000000 1.000000
0.995027 -0.064307 -0.076068 -0.000000 0.076028 0.983710 0.162896 0.420200 0.064354 -0.167869 0.983707 -0.000000 0.000000 0.000000 0.000000 1.000000
0.995348 -0.066549 -0.069667 -0.000000 0.076426 0.985673 0.150362 0.420200 0.058663 -0.154987 0.986173 -0.000000 0.000000 0.000000 0.000000 1.000000
0.995787 -0.067941 -0.061579 -0.000000 0.075964 0.987370 0.139033 0.420200 0.051355 -0.143126 0.988371 -0.000000 0.000000 0.000000 0.000000 1.000000
0.996139 -0.068795 -0.054543 0.000000 0.075443 0.988501 0.131052 0.420200 0.044900 -0.134660 0.989874 0.000000 0.000000 0.000000 0.000000 1.000000
0.996454 -0.068710 -0.048573 0.000000 0.074381 0.989150 0.126686 0.420200 0.039341 -0.129849 0.990753 0.000000 0.000000 0.000000 0.000000 1.000000
0.996788 -0.067878 -0.042508 -0.000000 0.072698 0.989539 0.124608 0.420200 0.033605 -0.127298 0.991295 0.000000 0.000000 0.000000 0.000000 1.000000
0.997163 -0.066049 -0.036099 -0.000000 0.070040 0.989854 0.123623 0.420200 0.027568 -0.125801 0.991672 0.000000 0.000000 0.000000 0.000000 1.000000
0.997525 -0.063474 -0.030255 0.000000 0.066738 0.990152 0.123063 0.420200 0.022146 -0.124777 0.991938 0.000000 0.000000 0.000000 0.000000 1.000000
0.997747 -0.061922 -0.025808 0.000000 0.064633 0.990353 0.122567 0.420200 0.017969 -0.123959 0.992125 0.000000 0.000000 0.000000 0.000000 1.000000
0.997846 -0.061644 -0.022435 0.000000 0.063927 0.990506 0.121701 0.420200 0.014720 -0.122873 0.992313 0.000000 0.000000 0.000000 0.000000 1.000000
0.997921 -0.061344 -0.019741 0.000000 0.063284 0.990685 0.120573 0.420200 0.012161 -0.121572 0.992508 0.000000 0.000000 0.000000 0.000000 1.000000
0.998020 -0.060441 -0.017402 0.000000 0.062095 0.990858 0.119769 0.420200 0.010004 -0.120613 0.992649 0.000000 0.000000 0.000000 0.000000 1.000000</float_array>
        <technique_common>
          <accessor source="#mixamorig_Neck-Matrix-animation-output-transform-array" count="26" stride="16">
            <param type="float4x4"/>
          </accessor>
        </technique_common>
      </source>
      <source id="mixamorig_Neck-Interpolations">
        <Name_array id="mixamorig_Neck-Interpolations-array" count="26">
 LINEAR LINEAR LINEAR LINEAR LINEAR LINEAR LINEAR LINEAR LINEAR LINEAR LINEAR
LINEAR LINEAR LINEAR LINEAR LINEAR LINEAR LINEAR LINEAR LINEAR LINEAR LINEAR LINEAR
LINEAR LINEAR LINEAR</Name_array>
        <technique_common>
          <accessor source="#mixamorig_Neck-Interpolations-array" count="26">
            <param type="name"/>
          </accessor>
        </technique_common>
      </source>
      <sampler id="mixamorig_Neck-Matrix-animation-transform">
        <input semantic="INPUT" source="#mixamorig_Neck-Matrix-animation-input"/>
        <input semantic="OUTPUT" source="#mixamorig_Neck-Matrix-animation-output-transform"/>
        <input semantic="INTERPOLATION" source="#mixamorig_Neck-Interpolations"/>
      </sampler>
      <channel source="#mixamorig_Neck-Matrix-animation-transform" target="mixamorig_Neck/matrix"/>
    </animation>
    <animation id="mixamorig_Head-anim" name="mixamorig_Head">
      <source id="mixamorig_Head-Matrix-animation-input">
        <float_array id="mixamorig_Head-Matrix-animation-input-array" count="26">

0.000000 0.033333 0.066667 0.100000 0.133333 0.166667 0.200000 0.233333 0.266667 0.300000 0.333333 0.366667 0.400000 0.433333 0.466667 0.500000
0.533333 0.566667 0.600000 0.633333 0.666667 0.700000 0.733333 0.766667 0.800000 0.833333</float_array>
        <technique_common>
          <accessor source="#mixamorig_Head-Matrix-animation-input-array" count="26">
            <param name="TIME" type="float"/>
          </accessor>
        </technique_common>
      </source>
      <source id="mixamorig_Head-Matrix-animation-output-transform">
        <float_array id="mixamorig_Head-Matrix-animation-output-transform-array" count="416">

0.634022 0.045326 0.771986 0.000000 -0.181856 0.979024 0.091875 0.123000 -0.751628 -0.198641 0.628965 -0.014000 0.000000 0.000000 0.000000 1.000000
0.658800 0.065945 0.749422 0.000000 -0.174402 0.982401 0.066868 0.123000 -0.731824 -0.174753 0.658707 -0.014000 0.000000 0.000000 0.000000 1.000000
0.757470 0.056428 0.650427 0.000000 -0.135053 0.988252 0.071543 0.123000 -0.638749 -0.142034 0.756192 -0.014000 0.000000 0.000000 0.000000 1.000000
0.903984 -0.000581 0.427567 0.000000 -0.040043 0.995489 0.086014 0.123000 -0.425688 -0.094877 0.899882 -0.014000 0.000000 0.000000 0.000000 1.000000
0.988414 -0.069122 0.135126 -0.000000 0.056637 0.993945 0.094153 0.123000 -0.140816 -0.085409 0.986345 -0.014000 0.000000 0.000000 0.000000 1.000000
0.989418 -0.111389 -0.092979 0.000000 0.123486 0.982909 0.136532 0.123000 0.076182 -0.146569 0.986263 -0.014000 0.000000 0.000000 0.000000 1.000000
0.961574 -0.129596 -0.242033 -0.000000 0.175269 0.968326 0.177836 0.123000 0.211320 -0.213423 0.953831 -0.014000 0.000000 0.000000 0.000000 1.000000
0.926122 -0.112751 -0.359980 -0.000000 0.187599 0.965574 0.180205 0.123000 0.327269 -0.234423 0.915391 -0.014000 0.000000 0.000000 0.000000 1.000000
0.900552 -0.058901 -0.430739 0.000000 0.157922 0.967421 0.197881 0.123000 0.405050 -0.246225 0.880515 -0.014000 0.000000 0.000000 0.000000 1.000000
0.882051 -0.030852 -0.470142 0.000000 0.160125 0.958088 0.237543 0.123000 0.443109 -0.284807 0.850023 -0.014000 0.000000 0.000000 0.000000 1.000000
0.860710 -0.041899 -0.507369 0.000000 0.199504 0.944655 0.260431 0.123000 0.468377 -0.325378 0.821433 -0.014000 0.000000 0.000000 0.000000 1.000000
0.852781 -0.045022 -0.520324 0.000000 0.211146 0.940948 0.264639 0.123000 0.477684 -0.335543 0.811929 -0.014000 0.000000 0.000000 0.000000 1.000000
0.865219 -0.031239 -0.500420 -0.000000 0.185029 0.947505 0.260765 0.123000 0.466004 -0.318211 0.825580 -0.014000 0.000000 0.000000 0.000000 1.000000
0.881363 -0.020769 -0.471984 0.000000 0.157232 0.954978 0.251585 0.123000 0.445509 -0.295949 0.844947 -0.014000 0.000000 0.000000 0.000000 1.000000
0.898886 -0.016489 -0.437872 0.000000 0.136567 0.960061 0.244199 0.123000 0.416357 -0.279306 0.865237 -0.014000 0.000000 0.000000 0.000000 1.000000
0.923407 -0.013791 -0.383575 -0.000000 0.112677 0.965062 0.236559 0.123000 0.366911 -0.261660 0.892698 -0.014000 0.000000 0.000000 0.000000 1.000000
0.949200 -0.011727 -0.314456 -0.000000 0.084724 0.971928 0.219496 0.123000 0.303055 -0.234988 0.923547 -0.014000 0.000000 0.000000 0.000000 1.000000
0.967518 -0.010981 -0.252562 0.000000 0.062090 0.978776 0.195301 0.123000 0.245057 -0.204639 0.947665 -0.014000 0.000000 0.000000 0.000000 1.000000
0.979011 -0.010342 -0.203543 0.000000 0.047264 0.983006 0.177384 0.123000 0.198250 -0.183281 0.962863 -0.014000 0.000000 0.000000 0.000000 1.000000
0.987387 -0.008538 -0.158093 0.000000 0.035805 0.984717 0.170441 0.123000 0.154221 -0.173952 0.972603 -0.014000 0.000000 0.000000 0.000000 1.000000
0.993554 -0.004823 -0.113254 -0.000000 0.024040 0.985335 0.168931 0.123000 0.110778 -0.170565 0.979100 -0.014000 0.000000 0.000000 0.000000 1.000000
0.997180 0.000542 -0.075051 0.000000 0.012029 0.985893 0.166945 0.123000 0.074082 -0.167377 0.983106 -0.014000 0.000000 0.000000 0.000000 1.000000
0.998982 0.004949 -0.044845 0.000000 0.002452 0.986542 0.163489 0.123000 0.045050 -0.163432 0.985525 -0.014000 0.000000 0.000000 0.000000 1.000000
0.999811 0.006308 -0.018378 0.000000 -0.003298 0.987197 0.159471 0.123000 0.019149 -0.159380 0.987032 -0.014000 0.000000 0.000000 0.000000 1.000000
0.999969 0.007071 0.003567 0.000000 -0.007540 0.987803 0.155523 0.123000 -0.002424 -0.155545 0.987826 -0.014000 0.000000 0.000000 0.000000 1.000000
0.999736 0.011012 0.020184 0.000000 -0.013974 0.988120 0.153046 0.123000 -0.018259 -0.153287 0.988013 -0.014000 0.000000 0.000000 0.000000 1.000000</float_array>
        <technique_common>
          <accessor source="#mixamorig_Head-Matrix-animation-output-transform-array" count="26" stride="16">
            <param type="float4x4"/>
          </accessor>
        </technique_common>
      </source>
      <source id="mixamorig_Head-Interpolations">
        <Name_array id="mixamorig_Head-Interpolations-array" count="26">
 LINEAR LINEAR LINEAR LINEAR LINEAR LINEAR LINEAR LINEAR LINEAR LINEAR LINEAR
LINEAR LINEAR LINEAR LINEAR LINEAR LINEAR LINEAR LINEAR LINEAR LINEAR LINEAR LINEAR
LINEAR LINEAR LINEAR</Name_array>
        <technique_common>
          <accessor source="#mixamorig_Head-Interpolations-array" count="26">
            <param type="name"/>
          </accessor>
        </technique_common>
      </source>
      <sampler id="mixamorig_Head-Matrix-animation-transform">
        <input semantic="INPUT" source="#mixamorig_Head-Matrix-animation-input"/>
        <input semantic="OUTPUT" source="#mixamorig_Head-Matrix-animation-output-transform"/>
        <input semantic="INTERPOLATION" source="#mixamorig_Head-Interpolations"/>
      </sampler>
      <channel source="#mixamorig_Head-Matrix-animation-transform" target="mixamorig_Head/matrix"/>
    </animation>
    <animation id="mixamorig_LeftShoulder-anim" name="mixamorig_LeftShoulder">
      <source id="mixamorig_LeftShoulder-Matrix-animation-input">
        <float_array id="mixamorig_LeftShoulder-Matrix-animation-input-array" count="26">

0.000000 0.033333 0.066667 0.100000 0.133333 0.166667 0.200000 0.233333 0.266667 0.300000 0.333333 0.366667 0.400000 0.433333 0.466667 0.500000
0.533333 0.566667 0.600000 0.633333 0.666667 0.700000 0.733333 0.766667 0.800000 0.833333</float_array>
        <technique_common>
          <accessor source="#mixamorig_LeftShoulder-Matrix-animation-input-array" count="26">
            <param name="TIME" type="float"/>
          </accessor>
        </technique_common>
      </source>
      <source id="mixamorig_LeftShoulder-Matrix-animation-output-transform">
        <float_array id="mixamorig_LeftShoulder-Matrix-animation-output-transform-array" count="416">

-0.022468 0.998964 0.039578 0.218000 0.037714 0.040407 -0.998471 0.387100 -0.999036 -0.020941 -0.038583 -0.006400 0.000000 0.000000 0.000000 1.000000
-0.035803 0.997140 0.066552 0.218000 0.035575 0.067824 -0.997063 0.387100 -0.998725 -0.033330 -0.037902 -0.006400 0.000000 0.000000 0.000000 1.000000
-0.056638 0.995206 0.079735 0.218000 0.033369 0.081706 -0.996098 0.387100 -0.997837 -0.053756 -0.037837 -0.006400 0.000000 0.000000 0.000000 1.000000
-0.064326 0.996687 0.049768 0.218000 0.035826 0.052146 -0.997997 0.387100 -0.997286 -0.062414 -0.039062 -0.006400 0.000000 0.000000 0.000000 1.000000
-0.047873 0.998847 -0.003536 0.218000 0.041221 -0.001561 -0.999149 0.387100 -0.998003 -0.047978 -0.041099 -0.006400 0.000000 0.000000 0.000000 1.000000
-0.019547 0.998843 -0.043946 0.218000 0.044350 -0.043045 -0.998088 0.387100 -0.998825 -0.021459 -0.043457 -0.006400 0.000000 0.000000 0.000000 1.000000
0.007955 0.997521 -0.069912 0.218000 0.045520 -0.070203 -0.996494 0.387100 -0.998932 0.004745 -0.045965 -0.006400 0.000000 0.000000 0.000000 1.000000
0.021865 0.995935 -0.087383 0.218000 0.045642 -0.088307 -0.995047 0.387100 -0.998719 0.017768 -0.047387 -0.006400 0.000000 0.000000 0.000000 1.000000
0.014376 0.995577 -0.092848 0.218000 0.045232 -0.093410 -0.994600 0.387100 -0.998873 0.010099 -0.046375 -0.006400 0.000000 0.000000 0.000000 1.000000
0.002742 0.995384 -0.095932 0.218000 0.044564 -0.095959 -0.994387 0.387100 -0.999003 -0.001548 -0.044622 -0.006400 0.000000 0.000000 0.000000 1.000000
-0.001590 0.994303 -0.106576 0.218000 0.044097 -0.106403 -0.993345 0.387100 -0.999026 -0.006279 -0.043677 -0.006400 0.000000 0.000000 0.000000 1.000000
-0.004102 0.992670 -0.120789 0.218000 0.043701 -0.120497 -0.991751 0.387100 -0.999036 -0.009347 -0.042886 -0.006400 0.000000 0.000000 0.000000 1.000000
-0.005034 0.990844 -0.134915 0.218000 0.043126 -0.134576 -0.989964 0.387100 -0.999057 -0.010802 -0.042054 -0.006400 0.000000 0.000000 0.000000 1.000000
-0.005728 0.989233 -0.146237 0.218000 0.042239 -0.145870 -0.988402 0.387100 -0.999091 -0.011838 -0.040948 -0.006400 0.000000 0.000000 0.000000 1.000000
-0.009438 0.988657 -0.149897 0.218000 0.040840 -0.149398 -0.987933 0.387100 -0.999121 -0.015445 -0.038966 -0.006400 0.000000 0.000000 0.000000 1.000000
-0.012673 0.988888 -0.148123 0.218000 0.038965 -0.147534 -0.988289 0.387100 -0.999160 -0.018296 -0.036662 -0.006400 0.000000 0.000000 0.000000 1.000000
-0.011710 0.988916 -0.148014 0.218000 0.037050 -0.147493 -0.988369 0.387100 -0.999245 -0.017057 -0.034912 -0.006400 0.000000 0.000000 0.000000 1.000000
-0.004678 0.988165 -0.153323 0.218000 0.035371 -0.153065 -0.987583 0.387100 -0.999363 -0.010044 -0.034237 -0.006400 0.000000 0.000000 0.000000 1.000000
0.006299 0.986648 -0.162746 0.218000 0.033857 -0.162867 -0.986067 0.387100 -0.999407 0.000701 -0.034431 -0.006400 0.000000 0.000000 0.000000 1.000000
0.014195 0.984583 -0.174342 0.218000 0.032418 -0.174721 -0.984084 0.387100 -0.999374 0.008317 -0.034398 -0.006400 0.000000 0.000000 0.000000 1.000000
