<?xml version="1.0" encoding="utf-8"?>
<COLLADA xmlns="http://www.collada.org/2005/11/COLLADASchema" version="1.4.1">
  <asset>
    <contributor>
      <author>Mixamo</author>
      <authoring_tool>COLLADA Mixamo exporter</authoring_tool>
      <comments/>
    </contributor>
    <created>2024-07-10T06:03:37Z</created>
    <modified>2024-07-10T06:03:37Z</modified>
    <revision/>
    <title/>
    <unit meter="0.010000"/>
    <up_axis>Y_UP</up_axis>
  </asset>
  <library_animations>
    <animation id="mixamorig_Hips-anim" name="mixamorig_Hips">
      <source id="mixamorig_Hips-Matrix-animation-input">
        <float_array id="mixamorig_Hips-Matrix-animation-input-array" count="30">

0.000000 0.033333 0.066667 0.100000 0.133333 0.166667 0.200000 0.233333 0.266667 0.300000 0.333333 0.366667 0.400000 0.433333 0.466667 0.500000
0.533333 0.566667 0.600000 0.633333 0.666667 0.700000 0.733333 0.766667 0.800000 0.833333 0.866667 0.900000 0.933333 0.966667</float_array>
        <technique_common>
          <accessor source="#mixamorig_Hips-Matrix-animation-input-array" count="30">
            <param name="TIME" type="float"/>
          </accessor>
        </technique_common>
      </source>
      <source id="mixamorig_Hips-Matrix-animation-output-transform">
        <float_array id="mixamorig_Hips-Matrix-animation-output-transform-array" count="480">

0.999208 -0.005788 -0.039362 0.013727 0.003561 0.998402 -0.056392 1.449682 0.039626 0.056208 0.997632 -0.051264 0.000000 0.000000 0.000000 1.000000
0.998137 -0.012811 -0.059646 0.016709 0.009471 0.998389 -0.055941 1.440464 0.060266 0.055272 0.996651 -0.047468 0.000000 0.000000 0.000000 1.000000
0.996490 -0.016650 -0.082039 0.022151 0.012520 0.998640 -0.050601 1.422266 0.082770 0.049397 0.995344 -0.043137 0.000000 0.000000 0.000000 1.000000
0.994438 -0.017530 -0.103858 0.029272 0.013309 0.999063 -0.041189 1.395376 0.104482 0.039578 0.993739 -0.038180 0.000000 0.000000 0.000000 1.000000
0.992562 -0.016925 -0.120558 0.036599 0.013041 0.999372 -0.032934 1.366777 0.121040 0.031117 0.992160 -0.032361 0.000000 0.000000 0.000000 1.000000
0.991374 -0.015536 -0.130142 0.043362 0.011297 0.999383 -0.033246 1.346606 0.130578 0.031489 0.990938 -0.030786 0.000000 0.000000 0.000000 1.000000
0.991137 -0.015783 -0.131902 0.047815 0.009900 0.998931 -0.045143 1.337301 0.132474 0.043437 0.990234 -0.030113 0.000000 0.000000 0.000000 1.000000
0.991389 -0.023680 -0.128792 0.050085 0.015595 0.997865 -0.063425 1.339090 0.130019 0.060870 0.989641 -0.028177 0.000000 0.000000 0.000000 1.000000
0.991099 -0.042336 -0.126215 0.051597 0.032660 0.996436 -0.077770 1.346456 0.129058 0.072956 0.988950 -0.023115 0.000000 0.000000 0.000000 1.000000
0.989078 -0.062271 -0.133592 0.054375 0.051718 0.995366 -0.081066 1.361042 0.138021 0.073272 0.987715 -0.022426 0.000000 0.000000 0.000000 1.000000
0.985774 -0.073430 -0.151190 0.059197 0.062723 0.995253 -0.074414 1.382976 0.155937 0.063873 0.985700 -0.030547 0.000000 0.000000 0.000000 1.000000
0.983411 -0.079465 -0.163059 0.063607 0.069869 0.995515 -0.063775 1.402091 0.167396 0.051325 0.984553 -0.039005 0.000000 0.000000 0.000000 1.000000
0.984205 -0.078703 -0.158579 0.064918 0.070782 0.995974 -0.055001 1.417862 0.162269 0.042908 0.985813 -0.045162 0.000000 0.000000 0.000000 1.000000
0.988285 -0.071852 -0.134651 0.063123 0.065669 0.996597 -0.049813 1.429208 0.137772 0.040387 0.989640 -0.049456 0.000000 0.000000 0.000000 1.000000
0.993108 -0.062354 -0.099241 0.059271 0.057964 0.997234 -0.046521 1.433907 0.101868 0.040448 0.993975 -0.051305 0.000000 0.000000 0.000000 1.000000
0.996381 -0.054620 -0.065132 0.054759 0.051902 0.997738 -0.042712 1.429882 0.067317 0.039177 0.996962 -0.050654 0.000000 0.000000 0.000000 1.000000
0.997814 -0.051710 -0.041145 0.050293 0.050174 0.998036 -0.037506 1.416815 0.043004 0.035359 0.998449 -0.048948 0.000000 0.000000 0.000000 1.000000
0.998131 -0.053793 -0.029001 0.046067 0.052841 0.998069 -0.032662 1.397728 0.030702 0.031069 0.999046 -0.048951 0.000000 0.000000 0.000000 1.000000
0.998088 -0.056054 -0.026044 0.041550 0.055201 0.997950 -0.032377 1.375497 0.027805 0.030877 0.999136 -0.048167 0.000000 0.000000 0.000000 1.000000
0.998165 -0.053511 -0.028333 0.036550 0.052334 0.997798 -0.040758 1.356446 0.030452 0.039201 0.998767 -0.048295 0.000000 0.000000 0.000000 1.000000
0.998474 -0.044422 -0.032819 0.031132 0.042483 0.997435 -0.057603 1.345729 0.035293 0.056121 0.997800 -0.050357 0.000000 0.000000 0.000000 1.000000
0.998851 -0.030301 -0.037141 0.026041 0.027396 0.996704 -0.076362 1.345407 0.039333 0.075257 0.996388 -0.052731 0.000000 0.000000 0.000000 1.000000
0.999203 -0.012237 -0.037983 0.021940 0.008843 0.996057 -0.088270 1.352792 0.038913 0.087864 0.995372 -0.053878 0.000000 0.000000 0.000000 1.000000
0.999470 0.008509 -0.031416 0.019027 -0.011294 0.995915 -0.089584 1.363990 0.030525 0.089891 0.995484 -0.055407 0.000000 0.000000 0.000000 1.000000
0.999476 0.028084 -0.016076 0.016464 -0.029337 0.996041 -0.083917 1.378648 0.013655 0.084344 0.996343 -0.057164 0.000000 0.000000 0.000000 1.000000
0.999193 0.040092 0.002602 0.013052 -0.039772 0.996223 -0.077192 1.393989 -0.005687 0.077026 0.997013 -0.061186 0.000000 0.000000 0.000000 1.000000
0.999087 0.040256 0.014306 0.010334 -0.039128 0.996648 -0.071850 1.409750 -0.017150 0.071224 0.997313 -0.063032 0.000000 0.000000 0.000000 1.000000
0.999525 0.029013 0.010378 0.009192 -0.028255 0.997358 -0.066926 1.426385 -0.012292 0.066601 0.997704 -0.062555 0.000000 0.000000 0.000000 1.000000
0.999888 0.011685 -0.009332 0.010303 -0.012239 0.998023 -0.061643 1.440802 0.008593 0.061751 0.998055 -0.058650 0.000000 0.000000 0.000000 1.000000
0.999208 -0.005787 -0.039362 0.013727 0.003561 0.998402 -0.056392 1.449682 0.039626 0.056208 0.997632 -0.051264 0.000000 0.000000 0.000000 1.000000</float_array>
        <technique_common>
          <accessor source="#mixamorig_Hips-Matrix-animation-output-transform-array" count="30" stride="16">
            <param type="float4x4"/>
          </accessor>
        </technique_common>
      </source>
      <source id="mixamorig_Hips-Interpolations">
        <Name_array id="mixamorig_Hips-Interpolations-array" count="30">
 LINEAR LINEAR LINEAR LINEAR LINEAR LINEAR LINEAR LINEAR LINEAR LINEAR LINEAR
LINEAR LINEAR LINEAR LINEAR LINEAR LINEAR LINEAR LINEAR LINEAR LINEAR LINEAR LINEAR
LINEAR LINEAR LINEAR LINEAR LINEAR LINEAR LINEAR</Name_array>
        <technique_common>
          <accessor source="#mixamorig_Hips-Interpolations-array" count="30">
            <param type="name"/>
          </accessor>
        </technique_common>
      </source>
      <sampler id="mixamorig_Hips-Matrix-animation-transform">
        <input semantic="INPUT" source="#mixamorig_Hips-Matrix-animation-input"/>
        <input semantic="OUTPUT" source="#mixamorig_Hips-Matrix-animation-output-transform"/>
        <input semantic="INTERPOLATION" source="#mixamorig_Hips-Interpolations"/>
      </sampler>
      <channel source="#mixamorig_Hips-Matrix-animation-transform" target="mixamorig_Hips/matrix"/>
    </animation>
    <animation id="mixamorig_Spine-anim" name="mixamorig_Spine">
      <source id="mixamorig_Spine-Matrix-animation-input">
        <float_array id="mixamorig_Spine-Matrix-animation-input-array" count="30">

0.000000 0.033333 0.066667 0.100000 0.133333 0.166667 0.200000 0.233333 0.266667 0.300000 0.333333 0.366667 0.400000 0.433333 0.466667 0.500000
0.533333 0.566667 0.600000 0.633333 0.666667 0.700000 0.733333 0.766667 0.800000 0.833333 0.866667 0.900000 0.933333 0.966667</float_array>
        <technique_common>
          <accessor source="#mixamorig_Spine-Matrix-animation-input-array" count="30">
            <param name="TIME" type="float"/>
          </accessor>
        </technique_common>
      </source>
      <source id="mixamorig_Spine-Matrix-animation-output-transform">
        <float_array id="mixamorig_Spine-Matrix-animation-output-transform-array" count="480">

0.999389 0.026171 0.023172 -0.000000 -0.023926 0.995439 -0.092349 0.279800 -0.025484 0.091738 0.995457 0.012900 0.000000 0.000000 0.000000 1.000000
0.999366 0.032277 0.015032 0.000000 -0.030821 0.995583 -0.088679 0.279800 -0.017828 0.088159 0.995947 0.012900 0.000000 0.000000 0.000000 1.000000
0.999403 0.033803 0.007098 0.000000 -0.033063 0.995696 -0.086580 0.279800 -0.009994 0.086293 0.996220 0.012900 0.000000 0.000000 0.000000 1.000000
0.999533 0.030550 -0.000688 0.000000 -0.030496 0.995835 -0.085919 0.279800 -0.001940 0.085900 0.996302 0.012900 0.000000 0.000000 0.000000 1.000000
0.999657 0.024517 -0.009206 -0.000000 -0.025212 0.996061 -0.085015 0.279800 0.007085 0.085218 0.996337 0.012900 0.000000 0.000000 0.000000 1.000000
0.999690 0.017942 -0.017237 0.000000 -0.019300 0.996433 -0.082153 0.279800 0.015702 0.082460 0.996471 0.012900 0.000000 0.000000 0.000000 1.000000
0.999593 0.014480 -0.024565 0.000000 -0.016364 0.996795 -0.078307 0.279800 0.023353 0.078677 0.996627 0.012900 0.000000 0.000000 0.000000 1.000000
0.999321 0.020484 -0.030625 0.000000 -0.022789 0.996778 -0.076899 0.279800 0.028952 0.077545 0.996568 0.012900 0.000000 0.000000 0.000000 1.000000
0.998648 0.038201 -0.035241 -0.000000 -0.040931 0.995929 -0.080316 0.279800 0.032029 0.081650 0.996146 0.012900 0.000000 0.000000 0.000000 1.000000
0.997808 0.056908 -0.033788 -0.000000 -0.059668 0.994400 -0.087231 0.279800 0.028635 0.089055 0.995615 0.012900 0.000000 0.000000 0.000000 1.000000
0.997501 0.065696 -0.026010 -0.000000 -0.067850 0.993342 -0.093103 0.279800 0.019721 0.094635 0.995317 0.012900 0.000000 0.000000 0.000000 1.000000
0.997449 0.068073 -0.021485 0.000000 -0.069800 0.993142 -0.093795 0.279800 0.014953 0.095055 0.995360 0.012900 0.000000 0.000000 0.000000 1.000000
0.997753 0.063780 -0.020536 0.000000 -0.065368 0.993865 -0.089219 0.279800 0.014720 0.090361 0.995800 0.012900 0.000000 0.000000 0.000000 1.000000
0.998263 0.054852 -0.021510 0.000000 -0.056449 0.994996 -0.082436 0.279800 0.016880 0.083507 0.996364 0.012900 0.000000 0.000000 0.000000 1.000000
0.998749 0.045147 -0.021493 0.000000 -0.046668 0.995976 -0.076510 0.279800 0.017952 0.077417 0.996837 0.012900 0.000000 0.000000 0.000000 1.000000
0.999087 0.038648 -0.018213 0.000000 -0.039875 0.996557 -0.072699 0.279800 0.015341 0.073359 0.997188 0.012900 0.000000 0.000000 0.000000 1.000000
0.999215 0.037968 -0.011296 0.000000 -0.038675 0.996741 -0.070796 0.279800 0.008571 0.071177 0.997427 0.012900 0.000000 0.000000 0.000000 1.000000
0.999077 0.042924 -0.001799 0.000000 -0.042945 0.996637 -0.069783 0.279800 -0.001202 0.069796 0.997561 0.012900 0.000000 0.000000 0.000000 1.000000
0.998806 0.047984 0.009131 0.000000 -0.047253 0.996560 -0.068084 0.279800 -0.012367 0.067571 0.997638 0.012900 0.000000 0.000000 0.000000 1.000000
0.998666 0.047724 0.019736 -0.000000 -0.046354 0.996818 -0.064852 0.279800 -0.022768 0.063851 0.997700 0.012900 0.000000 0.000000 0.000000 1.000000
0.998763 0.041195 0.027861 0.000000 -0.039405 0.997298 -0.062005 0.279800 -0.030340 0.060831 0.997687 0.012900 0.000000 0.000000 0.000000 1.000000
0.999018 0.030764 0.031897 -0.000000 -0.028686 0.997558 -0.063676 0.279800 -0.033778 0.062698 0.997461 0.012900 0.000000 0.000000 0.000000 1.000000
0.999361 0.016680 0.031628 0.000000 -0.014364 0.997293 -0.072107 0.279800 -0.032745 0.071607 0.996895 0.012900 0.000000 0.000000 0.000000 1.000000
0.999598 -0.001376 0.028330 0.000000 0.003774 0.996392 -0.084783 0.279800 -0.028111 0.084855 0.995997 0.012900 0.000000 0.000000 0.000000 1.000000
0.999525 -0.019637 0.023753 0.000000 0.021842 0.995101 -0.096425 0.279800 -0.021743 0.096898 0.995057 0.012900 0.000000 0.000000 0.000000 1.000000
0.999339 -0.030304 0.020064 0.000000 0.032219 0.994135 -0.103240 0.279800 -0.016817 0.103818 0.994454 0.012900 0.000000 0.000000 0.000000 1.000000
0.999427 -0.028126 0.018810 -0.000000 0.029946 0.994050 -0.104725 0.279800 -0.015752 0.105228 0.994323 0.012900 0.000000 0.000000 0.000000 1.000000
0.999699 -0.013827 0.020285 -0.000000 0.015836 0.994611 -0.102464 0.279800 -0.018759 0.102754 0.994530 0.012900 0.000000 0.000000 0.000000 1.000000
0.999726 0.006421 0.022512 -0.000000 -0.004184 0.995170 -0.098080 0.279800 -0.023033 0.097959 0.994924 0.012900 0.000000 0.000000 0.000000 1.000000
0.999389 0.026171 0.023172 0.000000 -0.023926 0.995439 -0.092349 0.279800 -0.025484 0.091738 0.995457 0.012900 0.000000 0.000000 0.000000 1.000000</float_array>
        <technique_common>
          <accessor source="#mixamorig_Spine-Matrix-animation-output-transform-array" count="30" stride="16">
            <param type="float4x4"/>
          </accessor>
        </technique_common>
      </source>
      <source id="mixamorig_Spine-Interpolations">
        <Name_array id="mixamorig_Spine-Interpolations-array" count="30">
 LINEAR LINEAR LINEAR LINEAR LINEAR LINEAR LINEAR LINEAR LINEAR LINEAR LINEAR
LINEAR LINEAR LINEAR LINEAR LINEAR LINEAR LINEAR LINEAR LINEAR LINEAR LINEAR LINEAR
LINEAR LINEAR LINEAR LINEAR LINEAR LINEAR LINEAR</Name_array>
        <technique_common>
          <accessor source="#mixamorig_Spine-Interpolations-array" count="30">
            <param type="name"/>
          </accessor>
        </technique_common>
      </source>
      <sampler id="mixamorig_Spine-Matrix-animation-transform">
        <input semantic="INPUT" source="#mixamorig_Spine-Matrix-animation-input"/>
        <input semantic="OUTPUT" source="#mixamorig_Spine-Matrix-animation-output-transform"/>
        <input semantic="INTERPOLATION" source="#mixamorig_Spine-Interpolations"/>
      </sampler>
      <channel source="#mixamorig_Spine-Matrix-animation-transform" target="mixamorig_Spine/matrix"/>
    </animation>
    <animation id="mixamorig_Spine1-anim" name="mixamorig_Spine1">
      <source id="mixamorig_Spine1-Matrix-animation-input">
        <float_array id="mixamorig_Spine1-Matrix-animation-input-array" count="30">

0.000000 0.033333 0.066667 0.100000 0.133333 0.166667 0.200000 0.233333 0.266667 0.300000 0.333333 0.366667 0.400000 0.433333 0.466667 0.500000
0.533333 0.566667 0.600000 0.633333 0.666667 0.700000 0.733333 0.766667 0.800000 0.833333 0.866667 0.900000 0.933333 0.966667</float_array>
        <technique_common>
          <accessor source="#mixamorig_Spine1-Matrix-animation-input-array" count="30">
            <param name="TIME" type="float"/>
          </accessor>
        </technique_common>
      </source>
      <source id="mixamorig_Spine1-Matrix-animation-output-transform">
        <float_array id="mixamorig_Spine1-Matrix-animation-output-transform-array" count="480">

0.999874 0.007083 0.014203 0.000000 -0.006537 0.999251 -0.038134 0.326800 -0.014463 0.038036 0.999172 0.000000 0.000000 0.000000 0.000000 1.000000
0.999925 0.006722 0.010279 -0.000000 -0.006359 0.999369 -0.034943 0.326800 -0.010507 0.034875 0.999336 0.000000 0.000000 0.000000 0.000000 1.000000
0.999964 0.005479 0.006458 0.000000 -0.005265 0.999454 -0.032614 0.326800 -0.006633 0.032579 0.999447 0.000000 0.000000 0.000000 0.000000 1.000000
0.999989 0.003779 0.002925 -0.000000 -0.003686 0.999506 -0.031205 0.326800 -0.003042 0.031194 0.999509 0.000000 0.000000 0.000000 0.000000 1.000000
0.999998 0.001951 -0.000544 -0.000000 -0.001967 0.999553 -0.029820 0.326800 0.000485 0.029821 0.999555 0.000000 0.000000 0.000000 0.000000 1.000000
0.999991 0.000427 -0.004250 -0.000000 -0.000544 0.999619 -0.027579 0.326800 0.004237 0.027581 0.999611 -0.000000 0.000000 0.000000 0.000000 1.000000
0.999969 0.000317 -0.007919 0.000000 -0.000517 0.999681 -0.025259 0.326800 0.007908 0.025263 0.999650 -0.000000 0.000000 0.000000 0.000000 1.000000
0.999941 0.002996 -0.010455 -0.000000 -0.003255 0.999685 -0.024898 0.326800 0.010377 0.024931 0.999635 -0.000000 0.000000 0.000000 0.000000 1.000000
0.999912 0.008164 -0.010495 -0.000000 -0.008450 0.999587 -0.027468 0.326800 0.010266 0.027554 0.999568 0.000000 0.000000 0.000000 0.000000 1.000000
0.999886 0.012986 -0.007683 -0.000000 -0.013222 0.999416 -0.031503 0.326800 0.007269 0.031601 0.999474 -0.000000 0.000000 0.000000 0.000000 1.000000
0.999889 0.014411 -0.003707 0.000000 -0.014530 0.999305 -0.034338 0.326800 0.003209 0.034388 0.999403 -0.000000 0.000000 0.000000 0.000000 1.000000
0.999925 0.012150 -0.001450 0.000000 -0.012193 0.999329 -0.034534 0.326800 0.001030 0.034549 0.999402 -0.000000 0.000000 0.000000 0.000000 1.000000
0.999960 0.008641 -0.002508 0.000000 -0.008719 0.999426 -0.032739 0.326800 0.002224 0.032759 0.999461 -0.000000 0.000000 0.000000 0.000000 1.000000
0.999963 0.006502 -0.005665 -0.000000 -0.006671 0.999519 -0.030295 0.326800 0.005466 0.030332 0.999525 0.000000 0.000000 0.000000 0.000000 1.000000
0.999946 0.006558 -0.008053 -0.000000 -0.006781 0.999588 -0.027878 0.326800 0.007867 0.027932 0.999579 0.000000 0.000000 0.000000 0.000000 1.000000
0.999938 0.008065 -0.007674 0.000000 -0.008259 0.999636 -0.025682 0.326800 0.007464 0.025744 0.999641 0.000000 0.000000 0.000000 0.000000 1.000000
0.999938 0.010079 -0.004698 0.000000 -0.010189 0.999660 -0.023996 0.326800 0.004455 0.024043 0.999701 -0.000000 0.000000 0.000000 0.000000 1.000000
0.999925 0.012227 -0.000538 0.000000 -0.012237 0.999664 -0.022857 0.326800 0.000258 0.022862 0.999739 -0.000000 0.000000 0.000000 0.000000 1.000000
0.999890 0.014300 0.003948 -0.000000 -0.014212 0.999669 -0.021435 0.326800 -0.004254 0.021376 0.999762 0.000000 0.000000 0.000000 0.000000 1.000000
0.999839 0.015565 0.008926 0.000000 -0.015394 0.999703 -0.018887 0.326800 -0.009218 0.018747 0.999782 0.000000 0.000000 0.000000 0.000000 1.000000
0.999788 0.014843 0.014290 0.000000 -0.014610 0.999761 -0.016239 0.326800 -0.014528 0.016026 0.999766 -0.000000 0.000000 0.000000 0.000000 1.000000
0.999766 0.011325 0.018428 0.000000 -0.011024 0.999806 -0.016347 0.326800 -0.018610 0.016140 0.999697 -0.000000 0.000000 0.000000 0.000000 1.000000
0.999805 0.005384 0.019005 0.000000 -0.004983 0.999766 -0.021065 0.326800 -0.019114 0.020966 0.999597 0.000000 0.000000 0.000000 0.000000 1.000000
0.999882 -0.001321 0.015297 0.000000 0.001761 0.999584 -0.028784 0.326800 -0.015253 0.028808 0.999469 -0.000000 0.000000 0.000000 0.000000 1.000000
0.999932 -0.006610 0.009559 0.000000 0.006946 0.999340 -0.035650 0.326800 -0.009317 0.035714 0.999319 0.000000 0.000000 0.000000 0.000000 1.000000
0.999945 -0.008813 0.005603 0.000000 0.009026 0.999189 -0.039234 0.326800 -0.005253 0.039282 0.999214 -0.000000 0.000000 0.000000 0.000000 1.000000
0.999956 -0.007397 0.005707 0.000000 0.007620 0.999164 -0.040165 0.326800 -0.005405 0.040207 0.999177 0.000000 0.000000 0.000000 0.000000 1.000000
0.999955 -0.003147 0.008911 0.000000 0.003502 0.999188 -0.040146 0.326800 -0.008777 0.040175 0.999154 0.000000 0.000000 0.000000 0.000000 1.000000
0.999920 0.002233 0.012457 0.000000 -0.001737 0.999211 -0.039683 0.326800 -0.012536 0.039658 0.999135 0.000000 0.000000 0.000000 0.000000 1.000000
0.999874 0.007083 0.014203 0.000000 -0.006537 0.999251 -0.038134 0.326800 -0.014463 0.038036 0.999172 0.000000 0.000000 0.000000 0.000000 1.000000</float_array>
        <technique_common>
          <accessor source="#mixamorig_Spine1-Matrix-animation-output-transform-array" count="30" stride="16">
            <param type="float4x4"/>
          </accessor>
        </technique_common>
      </source>
      <source id="mixamorig_Spine1-Interpolations">
        <Name_array id="mixamorig_Spine1-Interpolations-array" count="30">
 LINEAR LINEAR LINEAR LINEAR LINEAR LINEAR LINEAR LINEAR LINEAR LINEAR LINEAR
LINEAR LINEAR LINEAR LINEAR LINEAR LINEAR LINEAR LINEAR LINEAR LINEAR LINEAR LINEAR
LINEAR LINEAR LINEAR LINEAR LINEAR LINEAR LINEAR</Name_array>
        <technique_common>
          <accessor source="#mixamorig_Spine1-Interpolations-array" count="30">
            <param type="name"/>
          </accessor>
        </technique_common>
      </source>
      <sampler id="mixamorig_Spine1-Matrix-animation-transform">
        <input semantic="INPUT" source="#mixamorig_Spine1-Matrix-animation-input"/>
        <input semantic="OUTPUT" source="#mixamorig_Spine1-Matrix-animation-output-transform"/>
        <input semantic="INTERPOLATION" source="#mixamorig_Spine1-Interpolations"/>
      </sampler>
      <channel source="#mixamorig_Spine1-Matrix-animation-transform" target="mixamorig_Spine1/matrix"/>
    </animation>
    <animation id="mixamorig_Spine2-anim" name="mixamorig_Spine2">
      <source id="mixamorig_Spine2-Matrix-animation-input">
        <float_array id="mixamorig_Spine2-Matrix-animation-input-array" count="30">

0.000000 0.033333 0.066667 0.100000 0.133333 0.166667 0.200000 0.233333 0.266667 0.300000 0.333333 0.366667 0.400000 0.433333 0.466667 0.500000
0.533333 0.566667 0.600000 0.633333 0.666667 0.700000 0.733333 0.766667 0.800000 0.833333 0.866667 0.900000 0.933333 0.966667</float_array>
        <technique_common>
          <accessor source="#mixamorig_Spine2-Matrix-animation-input-array" count="30">
            <param name="TIME" type="float"/>
          </accessor>
        </technique_common>
      </source>
      <source id="mixamorig_Spine2-Matrix-animation-output-transform">
        <float_array id="mixamorig_Spine2-Matrix-animation-output-transform-array" count="480">

0.999887 0.006613 0.013516 0.000000 -0.006089 0.999244 -0.038408 0.373500 -0.013759 0.038321 0.999171 0.000000 0.000000 0.000000 0.000000 1.000000
0.999934 0.006366 0.009614 0.000000 -0.006024 0.999364 -0.035151 0.373500 -0.009832 0.035091 0.999336 0.000000 0.000000 0.000000 0.000000 1.000000
0.999970 0.005220 0.005782 -0.000000 -0.005028 0.999451 -0.032753 0.373500 -0.005950 0.032723 0.999447 -0.000000 0.000000 0.000000 0.000000 1.000000
0.999991 0.003599 0.002245 0.000000 -0.003527 0.999505 -0.031276 0.373500 -0.002357 0.031268 0.999508 0.000000 0.000000 0.000000 0.000000 1.000000
0.999998 0.001842 -0.001181 0.000000 -0.001876 0.999553 -0.029827 0.373500 0.001126 0.029829 0.999554 0.000000 0.000000 0.000000 0.000000 1.000000
0.999988 0.000388 -0.004804 -0.000000 -0.000520 0.999621 -0.027528 0.373500 0.004791 0.027530 0.999609 0.000000 0.000000 0.000000 0.000000 1.000000
0.999965 0.000345 -0.008387 -0.000000 -0.000556 0.999683 -0.025162 0.373500 0.008376 0.025165 0.999648 0.000000 0.000000 0.000000 0.000000 1.000000
0.999936 0.003067 -0.010862 0.000000 -0.003336 0.999687 -0.024778 0.373500 0.010782 0.024812 0.999634 0.000000 0.000000 0.000000 0.000000 1.000000
0.999907 0.008237 -0.010848 0.000000 -0.008531 0.999589 -0.027364 0.373500 0.010618 0.027454 0.999567 0.000000 0.000000 0.000000 0.000000 1.000000
0.999883 0.013019 -0.007984 -0.000000 -0.013264 0.999417 -0.031451 0.373500 0.007570 0.031553 0.999473 0.000000 0.000000 0.000000 0.000000 1.000000
0.999889 0.014389 -0.003978 -0.000000 -0.014517 0.999305 -0.034334 0.373500 0.003481 0.034388 0.999402 -0.000000 0.000000 0.000000 0.000000 1.000000
0.999925 0.012098 -0.001736 0.000000 -0.012151 0.999329 -0.034546 0.373500 0.001317 0.034564 0.999402 0.000000 0.000000 0.000000 0.000000 1.000000
0.999959 0.008609 -0.002830 0.000000 -0.008697 0.999426 -0.032735 0.373500 0.002547 0.032758 0.999460 -0.000000 0.000000 0.000000 0.000000 1.000000
0.999961 0.006525 -0.005999 0.000000 -0.006704 0.999520 -0.030260 0.373500 0.005799 0.030299 0.999524 0.000000 0.000000 0.000000 0.000000 1.000000
0.999943 0.006630 -0.008352 0.000000 -0.006860 0.999589 -0.027821 0.373500 0.008164 0.027876 0.999578 0.000000 0.000000 0.000000 0.000000 1.000000
0.999936 0.008140 -0.007902 0.000000 -0.008340 0.999637 -0.025631 0.373500 0.007690 0.025695 0.999640 0.000000 0.000000 0.000000 0.000000 1.000000
0.999937 0.010111 -0.004847 0.000000 -0.010224 0.999660 -0.023976 0.373500 0.004603 0.024024 0.999701 0.000000 0.000000 0.000000 0.000000 1.000000
0.999925 0.012194 -0.000612 0.000000 -0.012205 0.999664 -0.022871 0.373500 0.000333 0.022877 0.999738 0.000000 0.000000 0.000000 0.000000 1.000000
0.999891 0.014205 0.003945 0.000000 -0.014117 0.999670 -0.021478 0.373500 -0.004249 0.021420 0.999762 -0.000000 0.000000 0.000000 0.000000 1.000000
0.999841 0.015427 0.008988 0.000000 -0.015255 0.999704 -0.018953 0.373500 -0.009278 0.018813 0.999780 0.000000 0.000000 0.000000 0.000000 1.000000
0.999789 0.014682 0.014382 0.000000 -0.014447 0.999762 -0.016322 0.373500 -0.014618 0.016111 0.999763 -0.000000 0.000000 0.000000 0.000000 1.000000
0.999767 0.011150 0.018480 -0.000000 -0.010847 0.999806 -0.016438 0.373500 -0.018660 0.016234 0.999694 -0.000000 0.000000 0.000000 0.000000 1.000000
0.999807 0.005201 0.018952 0.000000 -0.004800 0.999765 -0.021149 0.373500 -0.019058 0.021054 0.999597 0.000000 0.000000 0.000000 0.000000 1.000000
0.999884 -0.001487 0.015134 -0.000000 0.001923 0.999582 -0.028842 0.373500 -0.015084 0.028867 0.999469 0.000000 0.000000 0.000000 0.000000 1.000000
0.999934 -0.006720 0.009334 -0.000000 0.007049 0.999339 -0.035664 0.373500 -0.009088 0.035728 0.999320 0.000000 0.000000 0.000000 0.000000 1.000000
0.999946 -0.008870 0.005352 0.000000 0.009073 0.999189 -0.039219 0.373500 -0.004999 0.039266 0.999216 -0.000000 0.000000 0.000000 0.000000 1.000000
0.999958 -0.007469 0.005391 0.000000 0.007680 0.999163 -0.040170 0.373500 -0.005086 0.040210 0.999178 -0.000000 0.000000 0.000000 0.000000 1.000000
0.999959 -0.003331 0.008461 0.000000 0.003669 0.999184 -0.040224 0.373500 -0.008320 0.040254 0.999155 0.000000 0.000000 0.000000 0.000000 1.000000
0.999928 0.001891 0.011859 0.000000 -0.001417 0.999204 -0.039861 0.373500 -0.011925 0.039841 0.999135 0.000000 0.000000 0.000000 0.000000 1.000000
0.999887 0.006613 0.013516 -0.000000 -0.006089 0.999244 -0.038408 0.373500 -0.013759 0.038321 0.999171 0.000000 0.000000 0.000000 0.000000 1.000000</float_array>
        <technique_common>
          <accessor source="#mixamorig_Spine2-Matrix-animation-output-transform-array" count="30" stride="16">
            <param type="float4x4"/>
          </accessor>
        </technique_common>
      </source>
      <source id="mixamorig_Spine2-Interpolations">
        <Name_array id="mixamorig_Spine2-Interpolations-array" count="30">
 LINEAR LINEAR LINEAR LINEAR LINEAR LINEAR LINEAR LINEAR LINEAR LINEAR LINEAR
LINEAR LINEAR LINEAR LINEAR LINEAR LINEAR LINEAR LINEAR LINEAR LINEAR LINEAR LINEAR
LINEAR LINEAR LINEAR LINEAR LINEAR LINEAR LINEAR</Name_array>
        <technique_common>
          <accessor source="#mixamorig_Spine2-Interpolations-array" count="30">
            <param type="name"/>
          </accessor>
        </technique_common>
      </source>
      <sampler id="mixamorig_Spine2-Matrix-animation-transform">
        <input semantic="INPUT" source="#mixamorig_Spine2-Matrix-animation-input"/>
        <input semantic="OUTPUT" source="#mixamorig_Spine2-Matrix-animation-output-transform"/>
        <input semantic="INTERPOLATION" source="#mixamorig_Spine2-Interpolations"/>
      </sampler>
      <channel source="#mixamorig_Spine2-Matrix-animation-transform" target="mixamorig_Spine2/matrix"/>
    </animation>
    <animation id="mixamorig_Neck-anim" name="mixamorig_Neck">
      <source id="mixamorig_Neck-Matrix-animation-input">
        <float_array id="mixamorig_Neck-Matrix-animation-input-array" count="30">

0.000000 0.033333 0.066667 0.100000 0.133333 0.166667 0.200000 0.233333 0.266667 0.300000 0.333333 0.366667 0.400000 0.433333 0.466667 0.500000
0.533333 0.566667 0.600000 0.633333 0.666667 0.700000 0.733333 0.766667 0.800000 0.833333 0.866667 0.900000 0.933333 0.966667</float_array>
        <technique_common>
          <accessor source="#mixamorig_Neck-Matrix-animation-input-array" count="30">
            <param name="TIME" type="float"/>
          </accessor>
        </technique_common>
      </source>
      <source id="mixamorig_Neck-Matrix-animation-output-transform">
        <float_array id="mixamorig_Neck-Matrix-animation-output-transform-array" count="480">

0.999983 -0.000607 -0.005738 -0.000000 0.001049 0.997008 0.077292 0.420200 0.005674 -0.077297 0.996992 -0.000000 0.000000 0.000000 0.000000 1.000000
0.999996 -0.000645 -0.002568 0.000000 0.000841 0.997021 0.077128 0.420200 0.002510 -0.077130 0.997018 -0.000000 0.000000 0.000000 0.000000 1.000000
0.999999 0.000301 0.001169 0.000000 -0.000388 0.997178 0.075077 0.420200 -0.001144 -0.075078 0.997177 -0.000000 0.000000 0.000000 0.000000 1.000000
0.999987 0.001745 0.004830 -0.000000 -0.002083 0.997470 0.071052 0.420200 -0.004694 -0.071061 0.997461 -0.000000 0.000000 0.000000 0.000000 1.000000
0.999966 0.002959 0.007748 -0.000000 -0.003466 0.997795 0.066274 0.420200 -0.007535 -0.066299 0.997771 -0.000000 0.000000 0.000000 0.000000 1.000000
0.999948 0.003299 0.009667 0.000000 -0.003902 0.998006 0.063004 0.420200 -0.009440 -0.063039 0.997966 0.000000 0.000000 0.000000 0.000000 1.000000
0.999940 0.002309 0.010739 0.000000 -0.002981 0.998011 0.062967 0.420200 -0.010572 -0.062995 0.997958 0.000000 0.000000 0.000000 0.000000 1.000000
0.999938 -0.000106 0.011116 0.000000 -0.000628 0.997821 0.065974 0.420200 -0.011099 -0.065976 0.997759 0.000000 0.000000 0.000000 0.000000 1.000000
0.999936 -0.003001 0.010864 0.000000 0.002234 0.997553 0.069875 0.420200 -0.011047 -0.069846 0.997497 0.000000 0.000000 0.000000 0.000000 1.000000
0.999937 -0.004363 0.010304 -0.000000 0.003611 0.997403 0.071937 0.420200 -0.010591 -0.071895 0.997356 0.000000 0.000000 0.000000 0.000000 1.000000
0.999946 -0.002703 0.010056 0.000000 0.001986 0.997501 0.070627 0.420200 -0.010222 -0.070603 0.997452 0.000000 0.000000 0.000000 0.000000 1.000000
0.999945 0.001327 0.010404 0.000000 -0.002017 0.997778 0.066590 0.420200 -0.010293 -0.066607 0.997726 0.000000 0.000000 0.000000 0.000000 1.000000
0.999927 0.005386 0.010795 0.000000 -0.006046 0.998050 0.062122 0.420200 -0.010439 -0.062182 0.998010 0.000000 0.000000 0.000000 0.000000 1.000000
0.999919 0.007473 0.010300 0.000000 -0.008074 0.998195 0.059513 0.420200 -0.009837 -0.059591 0.998174 -0.000000 0.000000 0.000000 0.000000 1.000000
0.999937 0.007291 0.008494 -0.000000 -0.007784 0.998194 0.059561 0.420200 -0.008045 -0.059623 0.998189 0.000000 0.000000 0.000000 0.000000 1.000000
0.999967 0.005779 0.005720 -0.000000 -0.006119 0.998096 0.061383 0.420200 -0.005355 -0.061416 0.998098 0.000000 0.000000 0.000000 0.000000 1.000000
0.999989 0.003915 0.002723 -0.000000 -0.004080 0.997978 0.063423 0.420200 -0.002469 -0.063434 0.997983 0.000000 0.000000 0.000000 0.000000 1.000000
0.999997 0.002363 0.000159 -0.000000 -0.002368 0.997898 0.064753 0.420200 -0.000006 -0.064754 0.997901 0.000000 0.000000 0.000000 0.000000 1.000000
0.999997 0.001783 -0.001723 -0.000000 -0.001666 0.997835 0.065742 0.420200 0.001837 -0.065739 0.997835 -0.000000 0.000000 0.000000 0.000000 1.000000
0.999992 0.002683 -0.003069 0.000000 -0.002469 0.997705 0.067666 0.420200 0.003243 -0.067658 0.997703 0.000000 0.000000 0.000000 0.000000 1.000000
0.999980 0.004904 -0.003995 0.000000 -0.004607 0.997433 0.071462 0.420200 0.004335 -0.071443 0.997435 -0.000000 0.000000 0.000000 0.000000 1.000000
0.999961 0.007789 -0.004232 0.000000 -0.007442 0.997036 0.076572 0.420200 0.004816 -0.076538 0.997055 -0.000000 0.000000 0.000000 0.000000 1.000000
0.999936 0.010748 -0.003455 -0.000000 -0.010432 0.996646 0.081165 0.420200 0.004316 -0.081124 0.996695 0.000000 0.000000 0.000000 0.000000 1.000000
0.999910 0.013282 -0.002028 -0.000000 -0.013065 0.996403 0.083722 0.420200 0.003133 -0.083688 0.996487 0.000000 0.000000 0.000000 0.000000 1.000000
0.999892 0.014681 -0.001117 0.000000 -0.014535 0.996339 0.084243 0.420200 0.002350 -0.084217 0.996445 0.000000 0.000000 0.000000 0.000000 1.000000
0.999898 0.014193 -0.001730 -0.000000 -0.013999 0.996387 0.083762 0.420200 0.002913 -0.083729 0.996484 0.000000 0.000000 0.000000 0.000000 1.000000
0.999926 0.011587 -0.003680 0.000000 -0.011242 0.996490 0.082959 0.420200 0.004628 -0.082912 0.996546 0.000000 0.000000 0.000000 0.000000 1.000000
0.999956 0.007503 -0.005684 0.000000 -0.007014 0.996633 0.081697 0.420200 0.006278 -0.081653 0.996641 0.000000 0.000000 0.000000 0.000000 1.000000
0.999974 0.003108 -0.006521 -0.000000 -0.002578 0.996811 0.079754 0.420200 0.006748 -0.079735 0.996793 0.000000 0.000000 0.000000 0.000000 1.000000
0.999983 -0.000607 -0.005738 -0.000000 0.001049 0.997008 0.077292 0.420200 0.005674 -0.077297 0.996992 0.000000 0.000000 0.000000 0.000000 1.000000</float_array>
        <technique_common>
          <accessor source="#mixamorig_Neck-Matrix-animation-output-transform-array" count="30" stride="16">
            <param type="float4x4"/>
          </accessor>
        </technique_common>
      </source>
      <source id="mixamorig_Neck-Interpolations">
        <Name_array id="mixamorig_Neck-Interpolations-array" count="30">
 LINEAR LINEAR LINEAR LINEAR LINEAR LINEAR LINEAR LINEAR LINEAR LINEAR LINEAR
LINEAR LINEAR LINEAR LINEAR LINEAR LINEAR LINEAR LINEAR LINEAR LINEAR LINEAR LINEAR
LINEAR LINEAR LINEAR LINEAR LINEAR LINEAR LINEAR</Name_array>
        <technique_common>
          <accessor source="#mixamorig_Neck-Interpolations-array" count="30">
            <param type="name"/>
          </accessor>
        </technique_common>
      </source>
      <sampler id="mixamorig_Neck-Matrix-animation-transform">
        <input semantic="INPUT" source="#mixamorig_Neck-Matrix-animation-input"/>
        <input semantic="OUTPUT" source="#mixamorig_Neck-Matrix-animation-output-transform"/>
        <input semantic="INTERPOLATION" source="#mixamorig_Neck-Interpolations"/>
      </sampler>
      <channel source="#mixamorig_Neck-Matrix-animation-transform" target="mixamorig_Neck/matrix"/>
    </animation>
    <animation id="mixamorig_Head-anim" name="mixamorig_Head">
      <source id="mixamorig_Head-Matrix-animation-input">
        <float_array id="mixamorig_Head-Matrix-animation-input-array" count="30">

0.000000 0.033333 0.066667 0.100000 0.133333 0.166667 0.200000 0.233333 0.266667 0.300000 0.333333 0.366667 0.400000 0.433333 0.466667 0.500000
0.533333 0.566667 0.600000 0.633333 0.666667 0.700000 0.733333 0.766667 0.800000 0.833333 0.866667 0.900000 0.933333 0.966667</float_array>
        <technique_common>
          <accessor source="#mixamorig_Head-Matrix-animation-input-array" count="30">
            <param name="TIME" type="float"/>
          </accessor>
        </technique_common>
      </source>
      <source id="mixamorig_Head-Matrix-animation-output-transform">
        <float_array id="mixamorig_Head-Matrix-animation-output-transform-array" count="480">

0.995265 -0.054148 -0.080722 -0.000000 0.064237 0.989672 0.128148 0.123000 0.072949 -0.132727 0.988464 -0.014000 0.000000 0.000000 0.000000 1.000000
0.997265 -0.052832 -0.051694 -0.000000 0.059312 0.989321 0.133137 0.123000 0.044108 -0.135839 0.989749 -0.014000 0.000000 0.000000 0.000000 1.000000
0.998612 -0.049253 -0.018675 0.000000 0.051364 0.989107 0.137943 0.123000 0.011677 -0.138711 0.990264 -0.014000 0.000000 0.000000 0.000000 1.000000
0.998955 -0.043455 0.014146 -0.000000 0.041053 0.989308 0.139942 0.123000 -0.020076 -0.139215 0.990059 -0.014000 0.000000 0.000000 0.000000 1.000000
0.998454 -0.036934 0.041547 -0.000000 0.030920 0.990076 0.137089 0.123000 -0.046198 -0.135592 0.989687 -0.014000 0.000000 0.000000 0.000000 1.000000
0.997632 -0.033172 0.060244 -0.000000 0.024947 0.990872 0.132476 0.123000 -0.064088 -0.130660 0.989354 -0.014000 0.000000 0.000000 0.000000 1.000000
0.996853 -0.036439 0.070404 -0.000000 0.026640 0.990431 0.135412 0.123000 -0.074665 -0.133111 0.988285 -0.014000 0.000000 0.000000 0.000000 1.000000
0.996085 -0.048158 0.074132 0.000000 0.036342 0.987526 0.153207 0.123000 -0.080585 -0.149913 0.985410 -0.014000 0.000000 0.000000 0.000000 1.000000
0.995257 -0.063070 0.074070 0.000000 0.048875 0.982479 0.179850 0.123000 -0.084115 -0.175376 0.980902 -0.014000 0.000000 0.000000 0.000000 1.000000
0.994724 -0.071521 0.073539 0.000000 0.055887 0.978977 0.196166 0.123000 -0.086023 -0.191021 0.977809 -0.014000 0.000000 0.000000 0.000000 1.000000
0.994843 -0.068403 0.074892 -0.000000 0.053513 0.981213 0.185356 0.123000 -0.086164 -0.180392 0.979813 -0.014000 0.000000 0.000000 0.000000 1.000000
0.995414 -0.058269 0.075862 0.000000 0.046475 0.987763 0.148876 0.123000 -0.083609 -0.144668 0.985942 -0.014000 0.000000 0.000000 0.000000 1.000000
0.996261 -0.050112 0.070375 0.000000 0.042504 0.993486 0.105728 0.123000 -0.075215 -0.102342 0.991902 -0.014000 0.000000 0.000000 0.000000 1.000000
0.997323 -0.048697 0.054555 0.000000 0.044515 0.996157 0.075427 0.123000 -0.058018 -0.072796 0.995658 -0.014000 0.000000 0.000000 0.000000 1.000000
0.998181 -0.052097 0.030349 -0.000000 0.050080 0.996704 0.063827 0.123000 -0.033574 -0.062191 0.997499 -0.014000 0.000000 0.000000 0.000000 1.000000
0.998401 -0.056413 0.003500 -0.000000 0.056063 0.996268 0.065630 0.123000 -0.007189 -0.065329 0.997838 -0.014000 0.000000 0.000000 0.000000 1.000000
0.997962 -0.060431 -0.020478 -0.000000 0.061797 0.995312 0.074394 0.123000 0.015886 -0.075508 0.997019 -0.014000 0.000000 0.000000 0.000000 1.000000
0.997118 -0.065131 -0.038917 0.000000 0.068300 0.993903 0.086559 0.123000 0.033042 -0.088968 0.995486 -0.014000 0.000000 0.000000 0.000000 1.000000
0.996140 -0.070409 -0.052423 0.000000 0.075396 0.992108 0.100190 0.123000 0.044955 -0.103756 0.993586 -0.014000 0.000000 0.000000 0.000000 1.000000
0.995285 -0.073847 -0.062888 0.000000 0.080766 0.989993 0.115720 0.123000 0.053713 -0.120253 0.991289 -0.014000 0.000000 0.000000 0.000000 1.000000
0.994876 -0.072662 -0.070296 -0.000000 0.081808 0.987124 0.137453 0.123000 0.059403 -0.142500 0.988011 -0.014000 0.000000 0.000000 0.000000 1.000000
0.995216 -0.066110 -0.071938 0.000000 0.077492 0.982546 0.169111 0.123000 0.059503 -0.173877 0.982968 -0.014000 0.000000 0.000000 0.000000 1.000000
0.996233 -0.055967 -0.066238 0.000000 0.068555 0.976070 0.206369 0.123000 0.053103 -0.210132 0.976230 -0.014000 0.000000 0.000000 0.000000 1.000000
0.997327 -0.045082 -0.057497 0.000000 0.057507 0.969777 0.237121 0.123000 0.045070 -0.239793 0.969777 -0.014000 0.000000 0.000000 0.000000 1.000000
0.997858 -0.035729 -0.054801 0.000000 0.048376 0.966917 0.250461 0.123000 0.044040 -0.252575 0.966574 -0.014000 0.000000 0.000000 0.000000 1.000000
0.997509 -0.029670 -0.063996 0.000000 0.044450 0.968839 0.243672 0.123000 0.054772 -0.245909 0.967744 -0.014000 0.000000 0.000000 0.000000 1.000000
0.996300 -0.028887 -0.080938 -0.000000 0.046210 0.974145 0.221145 0.123000 0.072457 -0.224067 0.971876 -0.014000 0.000000 0.000000 0.000000 1.000000
0.994963 -0.034289 -0.094197 -0.000000 0.051783 0.980402 0.190082 0.123000 0.085833 -0.194002 0.977239 -0.014000 0.000000 0.000000 0.000000 1.000000
0.994527 -0.043918 -0.094805 0.000000 0.058541 0.985792 0.157441 0.123000 0.086543 -0.162129 0.982967 -0.014000 0.000000 0.000000 0.000000 1.000000
0.995265 -0.054148 -0.080722 -0.000000 0.064237 0.989672 0.128148 0.123000 0.072949 -0.132727 0.988464 -0.014000 0.000000 0.000000 0.000000 1.000000</float_array>
        <technique_common>
          <accessor source="#mixamorig_Head-Matrix-animation-output-transform-array" count="30" stride="16">
            <param type="float4x4"/>
          </accessor>
        </technique_common>
      </source>
      <source id="mixamorig_Head-Interpolations">
        <Name_array id="mixamorig_Head-Interpolations-array" count="30">
 LINEAR LINEAR LINEAR LINEAR LINEAR LINEAR LINEAR LINEAR LINEAR LINEAR LINEAR
LINEAR LINEAR LINEAR LINEAR LINEAR LINEAR LINEAR LINEAR LINEAR LINEAR LINEAR LINEAR
LINEAR LINEAR LINEAR LINEAR LINEAR LINEAR LINEAR</Name_array>
        <technique_common>
          <accessor source="#mixamorig_Head-Interpolations-array" count="30">
            <param type="name"/>
          </accessor>
        </technique_common>
      </source>
      <sampler id="mixamorig_Head-Matrix-animation-transform">
        <input semantic="INPUT" source="#mixamorig_Head-Matrix-animation-input"/>
        <input semantic="OUTPUT" source="#mixamorig_Head-Matrix-animation-output-transform"/>
        <input semantic="INTERPOLATION" source="#mixamorig_Head-Interpolations"/>
      </sampler>
      <channel source="#mixamorig_Head-Matrix-animation-transform" target="mixamorig_Head/matrix"/>
    </animation>
